1 1 25 112 161 211
1 2 226 78 315 209
1 3 189 111 245 162
2 1 24 112 160 211
2 2 225 80 314 210
2 3 188 112 244 163
3 1 24 111 159 210
3 2 222 75 315 212
3 3 187 112 242 163
4 1 22 112 158 211
4 2 220 76 314 213
4 3 188 114 241 157
5 1 20 112 156 212
5 2 218 76 312 213
5 3 186 114 239 157
6 1 21 116 150 210
6 2 215 76 308 213
6 3 183 114 236 157
7 1 20 115 149 209
7 2 214 79 303 210
7 3 181 114 234 158
8 1 17 116 146 210
8 2 212 79 301 210
8 3 178 114 231 158
9 1 12 112 147 211
9 2 209 79 298 210
9 3 176 115 228 158
10 1 9 111 144 210
10 2 207 78 295 209
10 3 173 115 226 158
11 1 7 109 142 208
11 2 205 78 293 209
11 3 171 114 224 158
12 1 1 106 143 210
12 2 202 78 291 209
12 3 170 115 220 156
13 1 0 105 142 209
13 2 201 78 290 209
13 3 169 114 219 156
14 1 0 103 141 207
14 2 199 78 288 209
14 3 167 113 218 155
15 1 0 103 140 207
15 2 198 78 287 209
15 3 166 112 216 154
16 1 0 103 139 207
16 2 197 79 292 210
16 3 166 112 216 154
17 1 0 103 139 207
17 2 196 80 292 210
17 3 165 112 216 154
18 1 0 104 138 208
18 2 196 79 291 210
18 3 165 112 215 154
19 1 0 102 139 206
19 2 196 79 291 210
19 3 165 112 215 154
20 1 0 102 140 206
20 2 197 78 292 209
20 3 166 111 216 153
21 1 0 104 140 208
21 2 198 77 294 208
21 3 166 110 216 152
22 1 0 100 146 209
22 2 200 77 296 208
22 3 168 110 218 152
23 1 2 103 144 207
23 2 200 73 300 227
23 3 169 109 219 150
24 1 4 102 146 206
24 2 204 75 304 229
24 3 170 108 220 149
25 1 6 102 149 206
25 2 205 73 305 227
25 3 172 105 222 147
26 1 8 102 150 206
26 2 208 71 307 235
26 3 173 104 223 146
27 1 10 102 152 206
27 2 210 71 310 234
27 3 175 99 223 144
28 1 12 102 154 206
28 2 212 71 311 234
28 3 176 99 224 144
29 1 13 101 156 205
29 2 213 67 317 234
29 3 177 99 225 144
30 1 14 102 156 206
30 2 215 68 319 235
30 3 178 100 226 145
31 1 15 101 158 205
31 2 215 68 319 235
31 3 179 100 227 145
32 1 16 102 158 206
32 2 216 69 320 236
32 3 179 100 227 146
33 1 16 101 158 205
33 2 216 68 320 235
33 3 179 101 226 146
34 1 15 101 158 205
34 2 213 65 320 240
34 3 178 101 226 146
35 1 14 101 157 205
35 2 211 68 304 231
35 3 177 101 225 146
36 1 14 100 156 204
36 2 212 65 304 228
36 3 176 98 224 143
37 1 30 94 160 203
37 2 215 55 308 218
37 3 180 92 228 137
38 1 43 89 172 206
38 2 0 179 37 240
38 3 228 36 320 200
38 4 190 74 238 125
39 1 69 85 187 207
39 2 6 184 62 240
39 3 237 13 320 118
39 4 203 53 255 104
40 1 100 82 206 210
40 2 42 194 98 240
40 3 248 0 320 66
40 4 220 34 275 87
41 1 116 70 211 204
41 2 66 193 123 240
41 3 262 0 320 21
41 4 228 12 290 66
42 1 142 63 233 203
42 2 97 204 155 240
42 3 240 0 290 29
43 1 164 46 244 198
43 2 136 201 178 240
74 1 0 180 23 208
74 2 8 72 133 194
74 3 139 60 198 116
74 4 188 28 277 156
75 1 0 70 130 192
75 2 132 64 184 120
75 3 180 35 269 162
76 1 0 64 125 185
76 2 128 60 180 116
76 3 177 29 266 162
77 1 0 65 126 186
77 2 128 61 180 117
77 3 176 31 265 164
78 1 0 70 126 192
78 2 129 68 181 124
78 3 178 39 267 172
79 1 0 73 128 195
79 2 131 73 182 128
79 3 179 45 268 178
80 1 0 76 131 197
80 2 134 75 185 131
80 3 179 44 272 184
81 1 2 76 133 197
81 2 135 73 187 128
81 3 181 41 274 181
82 1 6 74 137 196
82 2 138 70 190 126
82 3 182 34 280 180
83 1 8 74 140 195
83 2 141 68 192 123
83 3 188 27 286 181
84 1 0 128 28 185
84 2 10 70 141 191
84 3 141 64 193 120
84 4 188 24 290 178
85 1 0 124 31 181
85 2 12 65 143 187
85 3 142 60 196 118
85 4 190 22 292 176
86 1 0 121 34 179
86 2 14 64 145 185
86 3 148 57 198 107
86 4 192 18 294 172
87 1 0 122 34 179
87 2 15 62 146 183
87 3 148 56 198 106
87 4 192 16 294 170
88 1 0 119 36 181
88 2 16 61 147 183
88 3 149 55 199 105
88 4 194 16 301 170
89 1 0 118 38 183
89 2 17 62 148 183
89 3 150 54 200 104
89 4 195 15 302 169
90 1 0 114 33 179
90 2 17 63 148 184
90 3 149 55 199 105
90 4 191 12 303 174
91 1 0 114 32 179
91 2 16 63 148 184
91 3 148 56 198 106
91 4 190 13 302 174
92 1 0 114 30 178
92 2 15 62 146 184
92 3 147 56 197 106
92 4 188 14 300 175
93 1 0 112 28 176
93 2 14 63 145 184
93 3 145 56 195 106
93 4 186 14 298 176
94 1 0 106 26 148
94 2 11 62 142 184
94 3 143 56 193 106
94 4 184 15 296 177
95 1 0 104 24 146
95 2 10 62 141 183
95 3 142 55 192 105
95 4 178 10 296 180
96 1 0 102 23 144
96 2 8 60 139 182
96 3 140 54 190 104
96 4 177 8 283 178
97 1 0 100 23 124
97 2 8 61 139 182
97 3 140 52 190 102
97 4 176 7 282 177
98 1 0 100 23 123
98 2 3 64 147 179
98 3 140 52 190 102
98 4 176 7 281 177
99 1 0 99 23 170
99 2 3 63 147 179
99 3 140 52 190 102
99 4 176 8 281 178
100 1 0 98 24 170
100 2 4 64 148 179
100 3 140 52 190 102
100 4 184 8 276 177
101 1 0 100 25 171
101 2 11 64 155 180
101 3 155 53 189 103
101 4 183 10 279 184
102 1 0 99 26 170
102 2 14 67 158 182
102 3 156 54 190 104
102 4 185 12 281 185
103 1 0 102 29 173
103 2 16 69 160 185
103 3 158 55 192 105
103 4 188 13 274 186
104 1 0 107 33 178
104 2 20 73 164 188
104 3 161 58 195 108
104 4 191 14 277 187
105 1 0 109 37 180
105 2 22 75 166 190
105 3 163 58 197 108
105 4 194 14 279 188
106 1 0 114 37 182
106 2 24 77 168 192
106 3 164 58 198 108
106 4 195 14 271 187
107 1 0 119 45 187
107 2 26 79 170 195
107 3 166 59 200 109
107 4 198 14 274 187
108 1 0 122 48 190
108 2 29 83 173 198
108 3 168 62 202 112
108 4 201 17 276 190
109 1 0 124 48 191
109 2 30 84 156 189
109 3 169 63 203 113
109 4 203 20 278 193
110 1 0 124 49 191
110 2 30 85 156 189
110 3 169 63 203 113
110 4 203 19 278 192
111 1 0 124 48 189
111 2 29 84 155 188
111 3 169 62 203 112
111 4 203 18 278 192
112 1 0 124 46 189
112 2 28 83 154 187
112 3 167 59 201 109
112 4 201 15 270 188
113 1 0 124 47 192
113 2 26 83 152 187
113 3 165 58 199 108
113 4 199 13 268 186
114 1 0 126 44 194
114 2 20 80 153 190
114 3 163 58 197 108
114 4 196 13 264 186
115 1 0 128 42 195
115 2 17 81 149 190
115 3 159 58 193 108
115 4 191 13 260 201
116 1 0 130 36 197
116 2 13 82 146 192
116 3 155 61 189 111
116 4 188 16 256 204
117 1 0 134 35 201
117 2 12 86 144 196
117 3 153 65 187 115
117 4 185 20 253 208
118 1 0 138 32 202
118 2 10 89 143 198
118 3 152 67 187 119
118 4 183 23 252 211
119 1 0 139 27 195
119 2 10 90 142 199
119 3 151 68 186 120
119 4 181 20 253 217
120 1 0 136 27 195
120 2 9 90 142 200
120 3 150 68 186 121
120 4 180 21 252 218
121 1 0 137 25 193
121 2 8 90 141 200
121 3 150 69 186 122
121 4 179 22 251 219
122 1 0 136 24 192
122 2 7 89 140 198
122 3 149 70 185 123
122 4 179 24 251 222
123 1 0 136 23 192
123 2 7 90 139 199
123 3 148 71 185 126
123 4 178 24 250 222
124 1 0 134 28 193
124 2 5 87 144 202
124 3 150 72 187 127
124 4 180 26 252 223
125 1 0 135 30 194
125 2 9 88 148 203
125 3 152 72 190 127
125 4 182 20 258 228
126 1 0 136 34 198
126 2 12 89 151 204
126 3 155 73 193 128
126 4 185 22 261 230
127 1 0 134 41 199
127 2 16 87 155 202
127 3 159 70 196 125
127 4 189 18 265 212
128 1 0 136 43 201
128 2 18 85 157 200
128 3 160 68 198 123
128 4 190 14 266 209
129 1 0 132 46 200
129 2 19 84 158 198
129 3 161 67 199 122
129 4 191 13 267 207
130 1 0 130 49 198
130 2 20 82 159 196
130 3 162 65 199 120
130 4 192 10 267 204
131 1 0 130 48 198
131 2 19 81 158 196
131 3 162 64 199 119
131 4 193 12 265 189
132 1 0 130 48 202
132 2 19 80 158 195
132 3 160 63 198 118
132 4 192 9 264 186
133 1 0 129 45 200
133 2 16 79 155 194
133 3 158 61 195 116
133 4 189 6 261 182
134 1 0 128 42 199
134 2 12 77 151 192
134 3 155 60 192 115
134 4 186 4 258 181
135 1 0 127 38 195
135 2 8 76 148 191
135 3 150 58 196 114
135 4 183 2 255 179
136 1 0 126 35 194
136 2 6 75 145 190
136 3 148 57 193 112
136 4 181 1 253 177
137 1 0 125 33 190
137 2 2 73 128 196
137 3 144 54 197 109
137 4 177 0 252 180
138 1 0 124 30 186
138 2 0 69 125 192
138 3 143 50 196 105
138 4 175 0 250 176
139 1 0 121 30 183
139 2 0 66 123 189
139 3 139 49 194 99
139 4 173 0 249 178
140 1 0 118 31 183
140 2 0 66 124 189
140 3 139 50 195 99
140 4 175 0 250 180
141 1 0 118 33 183
141 2 1 69 126 192
141 3 141 53 197 102
141 4 177 0 253 182
142 1 0 117 36 185
142 2 4 71 129 194
142 3 144 57 199 106
142 4 180 0 255 184
143 1 0 122 38 190
143 2 7 72 132 195
143 3 147 59 202 108
143 4 183 2 258 187
144 1 0 123 41 191
144 2 22 73 136 204
144 3 149 59 205 108
144 4 185 0 264 192
145 1 0 122 48 193
145 2 21 69 141 206
145 3 153 59 206 106
145 4 189 0 268 189
146 1 0 124 53 195
146 2 25 68 144 206
146 3 156 58 209 106
146 4 192 0 272 187
147 1 0 124 58 196
147 2 36 68 144 210
147 3 158 57 211 104
147 4 195 0 275 184
148 1 0 126 64 220
148 2 39 68 146 210
148 3 160 55 215 105
148 4 200 0 279 182
149 1 42 71 149 213
149 2 162 57 218 106
149 3 203 0 282 183
149 4 1 133 68 227
150 1 44 74 152 216
150 2 164 62 220 111
150 3 206 0 285 185
150 4 0 133 72 227
151 1 46 76 154 217
151 2 167 63 211 113
151 3 207 0 286 186
151 4 0 134 74 228
152 1 52 70 149 219
152 2 167 63 212 112
152 3 207 0 290 190
152 4 0 133 74 227
153 1 52 68 149 217
153 2 167 61 212 111
153 3 207 0 290 189
153 4 0 129 75 223
154 1 52 63 149 211
154 2 168 59 212 108
154 3 208 0 292 186
154 4 0 124 75 218
155 1 52 60 149 208
155 2 168 57 212 106
155 3 210 0 293 184
155 4 0 119 76 213
156 1 54 57 150 206
156 2 168 56 213 106
156 3 211 0 294 184
156 4 0 115 76 209
157 1 54 54 151 203
157 2 169 56 214 105
157 3 214 0 297 185
157 4 0 112 78 206
158 1 55 53 152 201
158 2 171 55 216 105
158 3 196 0 305 185
158 4 0 109 80 203
159 1 56 52 153 200
159 2 170 55 217 107
159 3 197 0 306 186
159 4 0 108 80 202
160 1 57 52 154 201
160 2 170 58 217 110
160 3 198 0 307 189
160 4 0 108 82 206
161 1 57 54 154 203
161 2 170 58 219 113
161 3 198 0 308 190
161 4 0 114 83 208
162 1 57 56 154 205
162 2 170 60 219 114
162 3 200 0 309 192
162 4 0 115 83 208
163 1 57 56 154 204
163 2 170 62 220 116
163 3 197 0 312 199
163 4 0 117 84 210
164 1 58 57 155 205
164 2 170 63 222 120
164 3 198 0 313 201
164 4 0 118 84 211
165 1 57 58 154 206
165 2 169 66 221 123
165 3 199 0 314 203
165 4 0 119 83 212
166 1 56 60 153 208
166 2 170 70 221 126
166 3 197 0 318 214
166 4 0 122 80 210
167 1 57 61 154 210
167 2 171 72 222 129
167 3 199 0 319 216
167 4 0 123 81 212
168 1 58 61 155 210
168 2 172 74 223 131
168 3 202 0 320 217
168 4 0 125 84 213
169 1 63 62 160 211
169 2 175 75 227 132
169 3 207 0 320 218
169 4 0 126 90 214
170 1 68 64 165 220
170 2 180 76 232 133
170 3 213 0 320 218
170 4 1 128 96 216
171 1 72 65 170 221
171 2 186 78 238 135
171 3 218 0 320 225
171 4 0 129 102 228
172 1 77 64 174 221
172 2 191 79 249 136
172 3 223 0 320 225
172 4 0 129 106 229
173 1 80 64 177 220
173 2 194 79 252 136
173 3 246 0 320 235
173 4 0 127 111 226
174 1 83 62 187 219
174 2 197 77 255 134
174 3 250 0 320 235
174 4 0 126 114 226
175 1 85 59 188 215
175 2 198 75 264 132
175 3 253 0 320 232
175 4 0 122 116 222
176 1 84 56 188 213
176 2 199 74 264 131
176 3 253 0 320 231
176 4 1 120 116 220
177 1 84 55 188 212
177 2 199 73 264 130
177 3 253 0 320 230
177 4 4 120 114 215
178 1 82 53 186 209
178 2 196 70 269 130
178 3 244 0 320 225
178 4 3 117 113 212
179 1 82 55 180 204
179 2 194 70 267 129
179 3 242 0 320 224
179 4 0 114 110 208
180 1 79 52 177 202
180 2 191 69 264 129
180 3 238 0 320 222
180 4 0 113 108 208
181 1 76 52 174 201
181 2 187 70 267 129
181 3 221 0 320 222
181 4 0 113 105 208
182 1 72 51 171 200
182 2 184 70 265 129
182 3 218 0 320 221
182 4 0 114 101 204
183 1 70 51 168 200
183 2 182 70 262 130
183 3 214 0 320 221
183 4 0 114 96 205
184 1 68 49 166 198
184 2 180 72 260 132
184 3 214 0 320 216
184 4 0 112 95 202
185 1 67 49 165 198
185 2 178 72 259 132
185 3 214 0 320 216
185 4 0 112 94 202
186 1 67 48 165 197
186 2 174 72 258 131
186 3 214 0 320 215
186 4 0 112 93 202
187 1 67 47 166 196
187 2 174 71 258 131
187 3 215 0 320 214
187 4 0 112 93 202
188 1 68 47 166 196
188 2 174 71 252 131
188 3 215 0 320 212
188 4 0 113 94 203
189 1 70 48 168 201
189 2 174 72 252 132
189 3 215 0 320 218
189 4 0 114 96 204
190 1 72 48 171 202
190 2 176 74 254 134
190 3 218 0 320 216
190 4 0 113 102 203
191 1 77 50 175 204
191 2 180 77 258 137
191 3 241 0 320 232
191 4 1 115 106 206
192 1 80 51 179 204
192 2 185 78 252 137
192 3 245 0 320 232
192 4 7 118 112 208
193 1 84 54 183 207
193 2 190 79 256 138
193 3 249 0 320 238
193 4 7 120 117 214
194 1 88 54 187 208
194 2 192 80 256 142
194 3 253 0 320 237
194 4 11 122 121 217
195 1 92 56 190 209
195 2 195 82 258 144
195 3 267 0 320 238
195 4 11 121 126 221
196 1 94 58 192 211
196 2 198 87 261 149
196 3 270 0 320 240
196 4 14 123 129 223
197 1 94 62 193 216
197 2 198 92 262 154
197 3 273 0 320 240
197 4 15 125 131 224
198 1 94 67 192 220
198 2 198 98 261 160
198 3 276 3 320 240
198 4 15 129 131 228
199 1 93 70 192 223
199 2 197 102 260 164
199 3 278 6 320 240
199 4 15 130 130 230
200 1 92 71 191 224
200 2 194 103 261 168
200 3 265 0 320 240
200 4 14 133 129 232
201 1 98 72 183 225
201 2 193 104 260 170
201 3 264 0 320 240
201 4 13 134 129 233
202 1 95 72 181 226
202 2 191 106 258 171
202 3 263 0 320 240
202 4 11 134 127 234
203 1 93 72 178 225
203 2 188 107 254 173
203 3 262 0 320 240
203 4 9 133 125 232
204 1 90 70 176 224
204 2 186 107 253 173
204 3 262 3 318 236
204 4 6 133 122 233
205 1 89 69 174 223
205 2 183 107 250 173
205 3 246 0 320 236
205 4 5 132 120 231
206 1 87 67 172 220
206 2 182 107 249 173
206 3 243 0 320 235
206 4 3 132 119 231
207 1 86 64 172 217
207 2 179 106 246 172
207 3 242 0 320 235
207 4 2 129 117 229
208 1 84 61 170 214
208 2 178 105 245 170
208 3 242 0 320 240
208 4 0 129 116 228
209 1 84 59 169 212
209 2 177 104 244 170
209 3 242 0 320 240
209 4 0 126 116 226
210 1 81 54 171 214
210 2 176 103 250 169
210 3 242 0 320 240
210 4 1 124 117 224
211 1 82 54 172 215
211 2 175 102 249 167
211 3 243 0 320 240
211 4 1 122 117 222
212 1 80 48 175 217
212 2 174 101 253 167
212 3 242 0 320 240
212 4 1 122 117 221
213 1 80 47 174 216
213 2 174 101 252 167
213 3 243 0 320 240
213 4 1 120 117 220
214 1 95 48 168 217
214 2 176 99 259 166
214 3 257 0 320 239
214 4 1 121 117 227
215 1 96 48 169 217
215 2 177 99 260 166
215 3 258 0 320 239
215 4 3 121 118 227
216 1 99 49 171 218
216 2 179 101 262 168
216 3 260 0 320 240
216 4 2 121 123 232
217 1 102 51 174 220
217 2 182 100 272 170
217 3 262 0 320 240
217 4 17 124 126 235
218 1 104 53 176 222
218 2 186 102 276 172
218 3 266 0 320 240
218 4 16 128 130 236
219 1 107 54 179 223
219 2 189 103 279 173
219 3 287 0 320 240
219 4 19 130 133 238
220 1 110 54 182 223
220 2 190 100 284 174
220 3 289 0 320 240
220 4 22 130 136 238
221 1 112 53 184 222
221 2 192 101 287 174
221 3 292 0 320 240
221 4 24 130 138 239
222 1 112 48 188 225
222 2 182 100 306 195
222 3 311 0 320 40
222 4 39 128 138 236
223 1 114 47 190 224
223 2 185 96 308 191
223 3 42 128 140 236
224 1 116 45 192 222
224 2 187 96 310 190
224 3 45 127 144 235
225 1 118 43 194 220
225 2 190 93 320 188
225 3 47 125 146 233
226 1 132 42 197 212
226 2 192 92 320 187
226 3 50 123 149 231
227 1 134 40 199 210
227 2 191 90 320 190
227 3 50 118 153 231
228 1 136 40 201 210
228 2 194 90 320 190
228 3 52 117 155 231
229 1 139 38 204 208
229 2 199 94 320 188
229 3 54 116 158 230
230 1 141 37 206 207
230 2 201 94 320 188
230 3 56 115 159 228
231 1 143 36 208 206
231 2 202 94 320 189
231 3 57 113 161 227
232 1 144 36 209 206
232 2 203 94 320 189
232 3 54 111 163 230
233 1 145 35 210 204
233 2 197 94 320 197
233 3 71 111 165 230
234 1 146 33 211 203
234 2 201 91 314 195
234 3 72 111 166 230
235 1 146 32 211 202
235 2 200 90 313 194
235 3 72 110 166 229
236 1 148 34 210 196
236 2 200 90 312 194
236 3 71 108 166 228
237 1 148 33 210 194
237 2 199 90 312 193
237 3 72 108 166 227
238 1 147 29 212 198
238 2 199 89 312 193
238 3 73 107 167 226
239 1 147 27 212 197
239 2 200 87 312 191
239 3 73 106 167 226
240 1 147 27 212 197
240 2 200 89 312 192
240 3 74 106 168 225
241 1 148 27 213 197
241 2 201 90 313 193
241 3 75 106 169 226
242 1 151 30 213 192
242 2 202 91 314 195
242 3 77 107 171 226
243 1 152 31 214 193
243 2 204 94 316 198
243 3 78 109 173 228
244 1 153 33 214 194
244 2 204 97 316 200
244 3 80 110 174 229
245 1 154 32 216 194
245 2 205 88 317 202
245 3 81 112 176 231
246 1 156 34 217 196
246 2 207 89 319 204
246 3 91 126 167 233
247 1 158 36 220 209
247 2 212 95 319 204
247 3 94 127 170 234
248 1 160 36 222 209
248 2 204 92 313 218
248 3 97 127 173 234
249 1 164 35 226 208
249 2 207 92 316 218
249 3 99 125 178 237
250 1 166 30 230 212
250 2 213 92 320 218
250 3 103 124 182 236
251 1 168 25 244 216
251 2 218 91 320 217
251 3 107 123 186 235
252 1 172 24 247 215
252 2 222 91 320 217
252 3 111 122 190 235
253 1 176 24 252 215
253 2 227 93 320 219
253 3 117 122 196 235
254 1 184 24 259 215
254 2 234 94 320 220
254 3 122 123 202 235
255 1 188 19 267 219
255 2 129 124 208 237
255 3 238 90 320 226
256 1 195 20 275 220
256 2 133 121 216 239
256 3 245 90 320 226
257 1 204 20 283 220
257 2 141 119 224 238
257 3 254 91 320 226
258 1 214 21 298 201
258 2 148 120 231 238
258 3 263 90 320 226
259 1 220 20 305 199
259 2 154 119 237 237
259 3 270 91 320 226
260 1 226 18 310 198
260 2 159 118 242 236
260 3 275 88 320 231
261 1 230 18 315 197
261 2 162 119 245 237
261 3 280 115 320 237
262 1 232 18 317 197
262 2 172 122 246 220
262 3 282 117 320 238
263 1 230 14 320 203
263 2 172 122 247 219
263 3 291 170 320 240
264 1 230 13 319 202
264 2 173 122 248 219
264 3 290 169 320 239
265 1 226 6 320 204
265 2 173 120 248 217
265 3 288 134 320 239
266 1 225 14 318 189
266 2 170 119 245 216
266 3 284 133 320 238
267 1 220 14 314 188
267 2 166 117 241 214
267 3 275 118 320 237
268 1 215 13 320 175
268 2 162 115 237 213
268 3 268 118 320 237
269 1 209 11 314 173
269 2 157 113 232 210
269 3 259 102 320 236
270 1 202 9 308 171
270 2 151 111 226 208
270 3 251 101 320 235
271 1 197 9 302 171
271 2 148 113 219 206
271 3 242 99 320 236
272 1 193 8 298 170
272 2 144 112 215 205
272 3 236 99 320 236
273 1 189 7 295 169
273 2 140 111 211 204
273 3 228 100 320 235
274 1 186 5 292 167
274 2 137 109 208 202
274 3 223 96 320 233
275 1 183 3 288 165
275 2 134 107 206 200
275 3 219 94 320 231
276 1 180 1 286 163
276 2 131 103 206 200
276 3 212 100 320 238
277 1 180 3 280 157
277 2 130 101 205 199
277 3 212 100 320 240
278 1 179 0 260 135
278 2 130 99 205 196
278 3 211 98 320 240
279 1 179 0 260 133
279 2 130 97 205 195
279 3 208 90 320 240
280 1 179 0 260 129
280 2 132 95 206 192
280 3 211 52 320 218
281 1 180 0 261 127
281 2 134 95 208 192
281 3 212 51 320 217
282 1 182 0 263 127
282 2 135 96 210 193
282 3 213 52 320 219
283 1 184 0 265 128
283 2 137 97 212 194
283 3 214 53 320 220
284 1 187 0 273 127
284 2 141 96 216 193
284 3 217 52 320 225
285 1 191 0 277 124
285 2 144 93 219 190
285 3 220 48 320 221
286 1 194 0 280 120
286 2 148 91 222 188
286 3 223 65 320 217
287 1 198 0 292 116
287 2 151 88 226 186
287 3 224 79 320 215
288 1 200 0 294 112
288 2 152 86 227 183
288 3 225 78 320 213
289 1 202 0 296 109
289 2 154 83 229 181
289 3 223 73 320 215
290 1 205 0 310 88
290 2 156 80 231 178
290 3 224 73 320 215
291 1 207 0 311 86
291 2 159 78 234 176
291 3 224 72 320 214
292 1 209 0 318 84
292 2 161 77 236 175
292 3 224 72 320 214
293 1 209 0 318 82
293 2 160 75 238 177
293 3 222 73 320 215
294 1 209 0 318 82
294 2 170 81 232 178
294 3 220 75 320 218
295 1 209 0 318 81
295 2 170 81 232 178
295 3 218 75 320 217
296 1 207 0 320 92
296 2 170 82 231 178
296 3 216 76 320 218
297 1 206 0 320 91
297 2 169 82 230 178
297 3 211 78 320 240
298 1 205 0 320 90
298 2 167 83 228 179
298 3 207 78 320 240
299 1 204 0 320 89
299 2 165 83 226 179
299 3 202 77 320 240
300 1 199 0 320 93
300 2 164 82 210 178
300 3 197 77 319 240
301 1 200 0 319 83
301 2 182 75 320 240
301 3 169 77 213 174
302 1 197 0 316 85
302 2 176 75 320 240
302 3 166 79 208 172
303 1 195 0 310 84
303 2 171 76 320 240
303 3 161 80 203 172
304 1 196 0 306 79
304 2 164 72 320 240
304 3 162 80 203 172
305 1 158 76 320 240
305 2 213 0 302 73
306 1 161 79 320 240
306 2 198 0 300 71
307 1 155 82 320 240
307 2 195 0 296 70
308 1 152 82 320 240
308 2 189 0 293 67
309 1 148 83 320 240
309 2 185 0 290 63
310 1 141 80 320 240
310 2 178 0 286 67
311 1 130 75 320 240
311 2 177 0 284 67
312 1 125 72 320 240
312 2 182 0 284 66
313 1 123 74 320 240
313 2 183 0 283 69
314 1 124 73 320 240
314 2 182 0 277 69
315 1 120 73 320 240
315 2 186 0 276 68
316 1 120 73 320 240
316 2 187 0 277 70
317 1 124 79 320 240
317 2 188 0 278 69
318 1 125 78 320 240
318 2 193 0 281 67
319 1 130 80 320 240
319 2 197 0 282 66
320 1 133 84 320 240
320 2 205 0 289 66
321 1 136 84 320 240
321 2 218 0 299 67
322 1 138 84 320 240
322 2 222 0 303 66
323 1 147 88 320 240
323 2 215 0 300 52
324 1 150 85 320 240
324 2 232 0 317 42
325 1 154 87 320 240
325 2 248 0 320 37
326 1 155 88 320 240
326 2 254 0 320 33
327 1 154 86 320 240
327 2 252 0 320 39
328 1 162 79 320 240
328 2 261 0 320 41
329 1 163 93 320 240
329 2 271 0 320 38
330 1 179 84 320 240
330 2 281 0 320 36
330 3 249 70 285 94
331 1 166 88 320 240
331 2 289 0 318 38
331 3 266 73 304 97
332 1 170 95 320 240
332 2 297 0 320 34
332 3 272 72 312 98
333 1 185 80 320 240
333 2 278 72 318 98
334 1 186 89 320 240
334 2 284 73 320 98
335 1 184 84 320 240
335 2 289 72 320 98
336 1 176 84 320 240
336 2 293 71 320 97
337 1 164 85 320 240
337 2 284 66 320 92
338 1 163 86 320 240
338 2 283 66 320 94
339 1 176 88 320 240
339 2 285 65 320 94
340 1 172 81 320 240
340 2 285 64 320 91
341 1 153 82 320 240
341 2 285 60 320 88
342 1 163 71 320 240
342 2 279 56 320 85
343 1 159 74 320 240
343 2 274 54 318 83
344 1 148 62 320 240
344 2 268 54 313 82
345 1 127 68 320 240
345 2 275 56 319 130
346 1 120 65 320 240
346 2 265 56 311 133
347 1 107 58 320 240
347 2 257 55 303 132
348 1 99 57 320 240
348 2 250 56 297 149
349 1 96 53 320 240
349 2 248 56 294 142
350 1 81 50 319 240
350 2 245 56 292 139
351 1 104 48 320 240
351 2 235 58 291 148
352 1 104 53 320 240
352 2 236 52 291 142
353 1 86 56 320 240
353 2 236 63 291 148
354 1 95 61 320 240
354 2 240 60 294 148
355 1 79 65 320 240
355 2 245 61 304 150
356 1 86 66 320 240
356 2 250 63 312 148
357 1 86 65 320 240
357 2 260 62 319 153
358 1 95 67 320 240
358 2 264 64 320 154
359 1 100 71 320 240
359 2 272 65 320 158
360 1 110 80 320 240
360 2 284 75 320 157
361 1 119 86 320 240
362 1 129 85 320 240
363 1 124 81 320 240
364 1 132 79 320 240
365 1 111 76 320 240
366 1 126 77 320 240
367 1 129 73 320 240
368 1 110 67 320 240
369 1 129 73 320 240
370 1 118 72 320 240
371 1 114 72 320 240
372 1 111 77 320 240
373 1 108 80 320 240
374 1 102 79 320 240
375 1 83 71 320 240
376 1 80 68 320 240
377 1 94 80 320 240
378 1 91 72 320 240
379 1 86 80 320 240
380 1 93 74 320 240
381 1 93 76 320 240
382 1 102 77 320 240
383 1 104 78 320 240
384 1 108 80 320 240
385 1 112 77 320 240
386 1 117 88 320 240
387 1 119 94 320 240
388 1 117 99 320 240
389 1 122 98 320 240
390 1 122 96 320 240
391 1 121 89 320 240
392 1 126 89 320 240
393 1 128 88 320 240
394 1 128 88 320 240
395 1 121 82 320 240
396 1 117 75 320 240
397 1 115 73 320 240
398 1 112 73 320 240
399 1 110 75 320 240
400 1 110 68 311 240
401 1 101 60 290 240
402 1 97 57 286 240
403 1 94 54 283 240
404 1 93 68 260 232
405 1 93 66 259 230
406 1 93 62 259 226
407 1 96 61 262 237
408 1 98 60 264 237
409 1 102 62 268 239
410 1 96 61 285 240
411 1 99 60 288 240
412 1 103 60 292 240
413 1 108 60 297 240
414 1 97 76 305 239
415 1 98 79 306 240
416 1 94 78 313 240
417 1 99 82 308 240
418 1 95 79 314 240
419 1 94 81 314 240
420 1 88 78 318 240
421 1 86 77 316 240
422 1 110 73 318 240
423 1 104 68 320 240
424 1 102 68 320 240
425 1 95 66 294 240
426 1 115 69 286 240
427 1 112 68 282 240
428 1 110 66 266 240
429 1 109 64 254 240
430 1 107 74 252 240
431 1 110 71 238 238
432 1 111 83 239 231
433 1 110 83 238 231
434 1 110 82 238 230
435 1 115 86 222 199
436 1 118 86 225 199
437 1 120 87 227 199
438 1 125 93 227 200
439 1 129 95 220 185
440 1 132 98 223 187
441 1 148 101 227 186
442 1 150 101 228 186
443 1 152 102 231 187
444 1 154 101 233 186
444 2 4 0 117 41
445 1 154 99 233 184
445 2 4 0 117 43
446 1 156 99 234 184
446 2 1 0 120 46
447 1 154 98 232 182
447 2 2 0 120 45
448 1 151 95 230 180
448 2 0 0 122 43
449 1 148 94 227 179
449 2 0 0 118 42
450 1 138 93 222 177
450 2 0 0 116 40
451 1 122 93 217 177
451 2 0 0 107 43
452 1 118 93 221 178
452 2 0 0 102 41
453 1 116 94 220 179
453 2 0 0 96 44
454 1 104 96 218 181
454 2 0 0 91 44
455 1 98 96 221 180
455 2 0 0 90 44
456 1 96 95 218 180
456 2 0 0 87 42
457 1 90 95 223 179
457 2 0 0 82 42
458 1 87 92 224 177
458 2 0 0 80 42
459 1 85 100 226 172
459 2 0 0 78 41
460 1 85 99 226 172
460 2 0 0 77 41
460 3 299 63 320 181
461 1 86 100 227 173
461 2 0 0 60 41
461 3 298 62 320 180
462 1 86 101 226 173
462 2 0 0 60 42
462 3 297 62 320 179
463 1 82 101 230 178
463 2 0 2 60 44
463 3 297 61 320 179
464 1 81 102 236 182
464 2 0 5 61 48
464 3 300 63 320 175
465 1 86 101 240 196
465 2 0 0 66 51
465 3 303 63 320 175
466 1 88 103 242 197
466 2 0 0 70 53
466 3 305 64 320 181
467 1 103 101 243 198
467 2 0 0 74 56
468 1 112 101 236 198
468 2 0 0 80 58
469 1 118 102 235 194
469 2 0 0 83 58
470 1 130 101 231 193
470 2 3 0 90 58
471 1 133 100 234 192
471 2 0 0 96 59
472 1 134 99 235 191
472 2 0 0 99 59
473 1 135 98 236 190
473 2 0 0 88 59
474 1 150 96 217 188
474 2 0 0 89 59
475 1 150 95 216 187
475 2 0 0 89 61
476 1 150 94 216 174
476 2 0 0 90 62
477 1 149 92 216 172
477 2 0 0 90 63
478 1 148 90 215 170
478 2 0 0 88 63
479 1 152 88 213 159
479 2 0 0 88 63
480 1 150 85 211 155
480 2 0 0 86 61
481 1 147 80 208 151
481 2 0 0 82 54
481 3 299 126 320 178
482 1 145 76 206 147
482 2 0 0 77 49
482 3 295 123 320 175
483 1 143 73 204 144
483 2 0 0 74 46
483 3 290 120 320 172
484 1 140 69 201 140
484 2 0 0 71 44
484 3 284 117 315 168
485 1 137 66 201 140
485 2 0 0 66 42
485 3 280 51 320 166
486 1 130 64 200 131
486 2 0 0 63 39
486 3 278 50 320 164
487 1 129 64 198 130
487 2 0 0 60 38
487 3 273 50 318 164
488 1 127 64 196 130
488 2 0 0 58 38
488 3 269 50 320 164
489 1 126 64 194 130
489 2 0 0 53 39
489 3 265 50 320 164
490 1 124 64 193 130
490 2 0 0 53 39
490 3 261 50 320 165
491 1 122 63 191 130
491 2 0 0 50 40
491 3 257 50 320 164
492 1 121 62 190 129
492 2 0 0 48 39
492 3 254 51 320 165
493 1 120 62 189 128
493 2 0 0 46 38
493 3 252 50 320 164
494 1 118 60 190 130
494 2 0 0 44 38
494 3 251 50 320 164
495 1 108 62 176 131
495 2 0 0 46 40
495 3 249 52 320 166
496 1 107 60 176 130
496 2 0 0 46 41
496 3 248 50 320 165
497 1 108 59 177 129
497 2 0 0 47 43
497 3 249 49 320 164
498 1 109 59 178 128
498 2 0 0 50 46
498 3 250 47 320 161
499 1 109 58 191 128
499 2 0 0 53 46
499 3 251 48 320 162
500 1 110 57 192 127
500 2 0 0 56 47
500 3 252 47 320 161
501 1 111 56 198 120
501 2 0 0 56 46
501 3 254 46 320 160
502 1 112 54 201 117
502 2 0 0 58 47
502 3 254 44 320 158
503 1 113 53 206 115
503 2 0 0 61 48
503 3 255 42 320 157
504 1 114 52 206 114
504 2 0 0 57 47
504 3 256 39 320 154
505 1 116 50 208 112
505 2 0 0 58 47
505 3 256 37 320 151
506 1 113 47 216 110
506 2 0 0 60 47
506 3 257 35 320 149
507 1 114 47 216 110
507 2 0 0 62 47
507 3 256 34 320 148
508 1 112 44 220 110
508 2 0 0 63 46
508 3 256 32 320 146
509 1 112 43 220 109
509 2 0 0 65 47
509 3 256 30 320 145
510 1 112 43 220 108
510 2 0 0 66 48
510 3 255 31 320 146
511 1 109 41 223 109
511 2 0 0 67 48
511 3 254 32 320 146
512 1 112 42 220 108
512 2 0 0 61 45
512 3 252 33 320 147
513 1 114 44 216 106
513 2 0 0 60 46
513 3 247 30 320 150
514 1 113 44 216 106
514 2 0 0 60 45
514 3 244 30 319 150
515 1 112 44 203 106
515 2 0 0 59 44
515 3 240 34 320 161
516 1 114 43 201 106
516 2 0 0 57 42
516 3 236 34 320 161
517 1 113 42 200 104
517 2 0 0 56 40
517 3 231 34 320 161
518 1 120 42 188 104
518 2 0 0 54 39
518 3 227 34 320 178
519 1 122 40 182 102
519 2 0 0 52 40
519 3 223 34 320 186
520 1 120 40 180 102
520 2 0 0 49 39
520 3 219 34 320 214
521 1 119 40 179 103
521 2 0 0 47 39
521 3 216 38 320 217
522 1 124 42 179 104
522 2 0 0 47 39
522 3 213 42 320 238
523 1 124 42 178 104
523 2 0 0 46 38
523 3 212 43 320 240
524 1 125 43 177 102
524 2 0 0 53 38
524 3 210 45 320 240
525 1 126 42 178 101
525 2 0 0 54 38
525 3 209 44 320 240
526 1 126 40 178 100
526 2 0 0 56 38
526 3 208 42 320 239
527 1 127 40 179 99
527 2 0 0 57 38
527 3 207 42 320 238
528 1 127 38 179 98
528 2 0 0 58 38
528 3 206 42 320 239
529 1 128 36 180 95
529 2 0 0 60 39
529 3 206 40 320 237
530 1 129 35 181 94
530 2 0 0 62 40
530 3 206 40 320 240
531 1 130 34 182 93
531 2 0 0 64 40
531 3 207 39 320 240
532 1 131 32 183 92
532 2 4 0 66 41
532 3 208 38 320 240
533 1 132 31 184 90
533 2 7 0 68 39
533 3 209 36 320 239
534 1 132 27 186 90
534 2 11 0 72 40
534 3 210 34 320 236
535 1 132 26 189 86
535 2 12 0 74 38
535 3 211 31 320 240
536 1 132 22 191 85
536 2 14 0 76 36
536 3 210 28 320 240
537 1 132 21 192 84
537 2 19 0 77 36
537 3 211 27 320 240
538 1 133 19 193 82
538 2 19 0 78 36
538 3 208 20 320 240
539 1 134 18 193 81
539 2 21 0 80 36
539 3 217 18 320 240
540 1 134 18 194 81
540 2 22 0 80 37
540 3 216 17 320 240
541 1 134 17 194 80
541 2 16 0 81 38
541 3 215 16 320 240
542 1 133 16 193 78
542 2 16 0 81 37
542 3 214 22 320 234
543 1 130 14 195 69
543 2 15 0 80 36
543 3 212 20 320 232
544 1 128 12 193 67
544 2 14 0 79 34
544 3 209 18 320 221
545 1 127 10 193 65
545 2 13 0 70 26
545 3 206 16 320 219
546 1 126 7 192 62
546 2 12 0 69 24
546 3 202 14 320 210
547 1 125 5 190 60
547 2 11 0 68 23
547 3 198 12 320 202
548 1 122 3 195 58
548 2 10 0 66 22
548 3 195 10 320 200
549 1 119 2 196 60
549 2 9 0 66 21
549 3 192 9 320 200
550 1 117 4 198 60
550 2 8 0 67 23
550 3 189 10 320 192
551 1 117 6 198 61
551 2 14 0 68 25
551 3 186 10 320 192
552 1 116 8 197 63
552 2 14 0 68 26
552 3 183 11 318 193
553 1 117 9 198 64
553 2 14 0 71 28
553 3 191 11 320 188
554 1 118 10 198 65
554 2 16 0 72 29
554 3 190 9 320 186
555 1 118 10 202 66
555 2 16 0 72 29
555 3 191 12 320 202
556 1 118 10 202 65
556 2 16 0 75 28
556 3 190 10 320 209
557 1 117 8 201 63
557 2 18 0 77 28
557 3 188 7 320 217
558 1 118 6 202 62
558 2 18 0 77 28
558 3 186 5 320 223
559 1 118 4 202 59
559 2 21 0 78 27
559 3 186 3 320 230
560 1 120 2 204 57
560 2 22 0 79 27
560 3 184 0 320 227
561 1 122 2 206 57
561 2 26 0 82 28
561 3 184 0 320 226
562 1 132 0 191 55
562 2 30 0 86 28
562 3 196 0 320 238
563 1 133 0 193 55
563 2 31 0 87 27
563 3 191 0 320 240
564 1 134 0 194 54
564 2 34 0 91 28
564 3 192 0 320 240
565 1 136 0 196 52
565 2 34 0 91 28
565 3 190 0 320 237
566 1 145 0 193 49
566 2 36 0 92 27
566 3 187 0 320 234
567 1 145 0 194 48
567 2 40 0 94 27
567 3 186 0 320 236
568 1 146 0 194 47
568 2 41 0 95 27
568 3 181 0 320 236
569 1 147 0 193 44
569 2 41 0 95 25
569 3 201 0 320 208
570 1 147 0 193 44
570 2 43 0 94 24
570 3 198 0 320 206
571 1 150 0 191 32
571 2 42 0 92 23
571 3 189 0 320 204
572 1 147 0 190 32
572 2 41 0 92 22
572 3 173 0 320 201
573 1 146 0 189 32
573 2 32 0 83 16
573 3 165 0 320 200
574 1 145 0 188 31
574 2 30 0 81 15
574 3 162 0 320 200
575 1 28 0 79 14
575 2 149 0 181 32
575 3 164 0 320 198
576 1 29 0 78 12
576 2 147 0 180 32
576 3 166 0 320 197
577 1 26 0 75 12
577 2 146 0 178 32
577 3 173 0 320 161
578 1 25 0 74 13
578 2 144 0 176 33
578 3 172 0 320 160
579 1 23 0 72 14
579 2 142 0 175 34
579 3 178 0 320 142
580 1 28 0 74 15
580 2 142 0 174 36
580 3 177 0 320 141
581 1 0 0 77 15
581 2 140 0 174 37
581 3 177 0 320 157
582 1 0 0 76 15
582 2 140 0 174 38
582 3 176 0 320 159
583 1 0 0 80 26
583 2 138 0 178 41
583 3 177 0 320 153
584 1 0 0 83 26
584 2 138 0 179 41
584 3 176 0 320 153
585 1 0 0 86 27
585 2 139 0 180 42
585 3 176 0 320 152
586 1 0 0 86 27
586 2 140 0 181 43
586 3 176 0 320 152
587 1 30 0 87 26
587 2 142 0 182 43
587 3 178 0 320 151
588 1 33 0 90 28
588 2 144 0 184 43
588 3 177 0 317 138
589 1 35 0 92 28
589 2 139 0 186 42
589 3 178 0 318 134
590 1 35 0 95 29
590 2 140 0 187 41
590 3 182 0 320 133
591 1 34 0 97 29
591 2 142 0 188 41
591 3 185 0 320 130
592 1 36 0 97 38
592 2 143 0 190 41
592 3 187 0 320 129
593 1 38 0 99 40
593 2 138 0 191 42
593 3 189 0 320 128
594 1 37 0 105 42
594 2 137 0 193 43
594 3 191 0 320 126
595 1 37 0 105 42
595 2 138 0 194 43
595 3 192 0 320 124
596 1 36 0 106 43
596 2 138 0 194 43
596 3 194 0 320 122
597 1 36 0 106 44
597 2 139 0 195 43
597 3 190 0 320 104
598 1 35 0 105 45
598 2 139 0 195 43
598 3 189 0 320 104
599 1 34 0 104 43
599 2 138 0 194 42
599 3 187 0 320 101
600 1 32 0 106 45
600 2 138 0 192 40
600 3 186 0 320 100
601 1 30 0 104 43
601 2 137 0 207 40
601 3 172 0 320 98
602 1 28 0 102 42
602 2 136 0 203 38
602 3 169 0 320 96
603 1 26 0 100 41
603 2 132 0 199 38
603 3 153 0 320 94
604 1 25 0 99 41
604 2 130 0 197 37
604 3 146 0 320 93
605 1 23 0 97 40
605 2 128 0 195 37
605 3 136 0 319 91
606 1 30 0 96 47
606 2 126 0 193 37
606 3 127 0 317 92
607 1 29 0 94 52
607 2 127 0 191 36
607 3 125 0 315 91
608 1 28 0 92 52
608 2 124 1 188 44
608 3 110 0 320 87
609 1 26 0 90 54
609 2 123 1 176 44
609 3 110 0 320 89
610 1 25 0 89 54
610 2 123 0 176 43
610 3 105 0 320 91
611 1 22 0 90 56
611 2 138 0 167 24
611 3 110 0 320 86
612 1 19 0 90 47
612 2 138 0 167 23
612 3 111 0 316 88
613 1 19 0 90 46
613 2 135 0 164 23
613 3 118 0 303 82
614 1 18 0 89 46
614 2 136 0 164 22
614 3 123 0 295 72
615 1 19 0 90 46
615 2 136 0 164 22
615 3 134 0 288 69
616 1 19 0 90 45
616 2 138 0 166 21
616 3 134 0 279 67
617 1 24 0 91 38
617 2 140 0 168 20
617 3 150 0 267 52
618 1 26 0 94 38
618 2 141 0 170 21
618 3 159 0 261 51
619 1 30 0 98 39
619 2 143 0 172 38
619 3 163 0 259 48
620 1 35 0 102 39
620 2 145 0 174 36
620 3 164 0 256 45
621 1 38 0 106 39
621 2 148 0 177 34
621 3 161 0 252 43
622 1 41 0 109 38
622 2 150 0 180 33
622 3 158 0 250 41
623 1 43 0 111 36
623 2 153 0 182 33
623 3 152 0 244 43
624 1 58 0 113 33
624 2 156 0 185 32
624 3 152 0 244 42
625 1 59 0 114 33
625 2 157 0 186 33
625 3 173 0 253 46
626 1 60 0 115 33
626 2 159 0 188 34
626 3 173 0 253 47
627 1 59 0 116 36
627 2 160 0 189 34
627 3 182 0 254 47
628 1 57 0 118 37
628 2 160 0 189 35
628 3 182 0 253 48
629 1 57 0 117 37
629 2 161 0 190 34
629 3 182 0 252 48
630 1 55 0 119 39
630 2 160 0 190 34
630 3 180 0 251 47
631 1 61 0 118 34
631 2 160 0 189 34
631 3 179 0 250 47
632 1 60 0 117 33
632 2 158 0 188 34
632 3 177 0 248 46
633 1 60 0 116 34
633 2 152 0 187 35
633 3 174 0 248 48
634 1 58 0 115 34
634 2 149 0 184 35
634 3 171 0 245 48
635 1 57 0 114 32
635 2 147 0 181 36
635 3 167 0 246 50
636 1 54 0 111 31
636 2 144 0 178 35
636 3 163 0 222 43
637 1 52 0 109 33
637 2 140 0 175 36
637 3 158 0 217 42
638 1 48 0 105 34
638 2 136 0 171 29
638 3 154 0 213 44
639 1 45 0 102 36
639 2 131 0 165 32
639 3 148 0 210 48
640 1 44 0 100 47
640 2 126 0 162 37
640 3 142 0 207 52
641 1 42 0 99 53
641 2 121 3 159 43
641 3 141 0 206 56
642 1 43 5 100 59
642 2 129 0 166 52
642 3 116 0 235 62
643 1 43 12 100 66
643 2 127 0 164 52
643 3 116 0 234 65
644 1 42 16 99 70
644 2 130 27 164 62
644 3 114 0 233 68
645 1 42 19 99 73
645 2 129 30 164 64
645 3 113 0 232 72
646 1 44 22 100 76
646 2 130 31 164 65
646 3 112 0 231 73
647 1 44 24 101 79
647 2 135 38 170 72
647 3 110 0 234 77
648 1 52 33 104 80
648 2 130 38 171 72
648 3 114 0 232 77
649 1 55 34 107 82
649 2 132 38 173 72
649 3 112 0 236 79
650 1 58 35 110 82
650 2 133 50 169 75
650 3 113 0 238 79
651 1 60 35 112 83
651 2 132 48 170 74
651 3 115 0 240 78
652 1 62 34 114 81
652 2 133 48 170 74
652 3 115 0 240 76
653 1 63 34 115 82
653 2 133 48 171 74
653 3 117 0 242 77
654 1 65 36 115 81
654 2 133 49 170 76
654 3 117 0 242 76
655 1 65 36 115 81
655 2 132 50 170 77
655 3 117 0 242 78
656 1 65 38 114 83
656 2 131 51 169 77
656 3 116 0 225 79
657 1 64 39 113 84
657 2 129 52 166 78
657 3 114 0 223 79
658 1 61 38 110 83
658 2 126 44 165 78
658 3 111 0 220 79
659 1 55 37 107 84
659 2 122 45 162 79
659 3 107 0 216 79
660 1 51 36 103 83
660 2 118 44 157 78
660 3 102 0 211 79
661 1 47 33 99 80
661 2 113 43 152 77
661 3 98 0 207 78
662 1 44 30 96 78
662 2 109 41 148 75
662 3 94 0 203 76
663 1 41 29 93 76
663 2 106 40 144 72
663 3 94 0 198 72
664 1 40 27 92 74
664 2 103 39 140 71
664 3 91 0 195 72
665 1 34 24 89 73
665 2 100 40 138 72
665 3 81 0 180 76
666 1 34 23 88 72
666 2 98 40 135 72
666 3 79 0 177 76
667 1 30 22 88 74
667 2 95 42 132 74
667 3 77 0 175 77
668 1 29 22 86 74
668 2 103 47 136 73
668 3 76 0 174 79
669 1 27 22 87 76
669 2 102 47 134 73
669 3 74 0 189 80
670 1 26 21 87 75
670 2 100 47 133 73
670 3 73 0 188 79
671 1 27 21 87 76
671 2 100 47 132 73
671 3 72 0 187 79
672 1 27 21 88 76
672 2 100 47 132 74
672 3 73 0 188 80
673 1 28 21 88 75
673 2 100 46 134 74
673 3 74 0 188 79
674 1 33 26 91 76
674 2 102 46 135 72
674 3 74 0 189 79
675 1 34 26 92 76
675 2 112 41 145 67
675 3 76 0 191 78
676 1 36 26 94 76
676 2 114 40 146 66
676 3 77 0 192 77
677 1 40 28 95 76
677 2 116 38 148 64
677 3 78 0 193 76
678 1 41 27 96 76
678 2 118 35 150 61
678 3 75 0 192 73
679 1 42 25 98 74
679 2 119 31 152 57
679 3 76 0 192 71
680 1 41 23 99 74
680 2 122 28 154 54
680 3 76 0 193 70
681 1 41 21 100 62
681 2 123 24 156 50
681 3 80 0 192 67
682 1 41 20 100 62
682 2 125 24 157 50
682 3 84 0 190 63
683 1 41 20 100 61
683 2 126 24 158 50
683 3 86 0 192 62
684 1 43 20 99 59
684 2 86 0 192 61
685 1 42 19 98 58
685 2 84 0 195 64
686 1 43 19 96 56
686 2 98 0 175 63
687 1 39 17 95 56
687 2 98 0 175 63
688 1 37 17 93 56
688 2 94 0 175 66
689 1 36 17 92 56
689 2 91 0 172 67
690 1 31 14 90 55
690 2 90 0 170 67
691 1 30 13 88 54
691 2 86 0 167 68
692 1 30 13 88 54
692 2 97 0 166 67
693 1 29 14 88 55
693 2 96 0 165 69
694 1 29 15 88 56
694 2 96 0 165 71
695 1 29 17 88 58
695 2 97 0 166 74
696 1 31 20 90 61
696 2 99 1 167 80
697 1 34 24 93 65
697 2 100 4 168 83
698 1 41 27 97 66
698 2 102 6 171 85
699 1 45 25 101 64
699 2 105 5 174 84
700 1 51 29 107 68
700 2 109 5 177 84
701 1 62 34 112 73
701 2 113 0 181 84
702 1 67 35 117 74
702 2 118 0 186 84
703 1 72 36 122 75
703 2 120 0 188 86
704 1 76 38 128 79
704 2 124 3 192 90
705 1 80 44 132 84
705 2 127 6 195 94
706 1 84 49 134 88
706 2 122 9 198 96
707 1 87 52 137 91
707 2 124 11 199 98
708 1 87 53 137 92
708 2 124 12 200 99
709 1 92 54 135 90
709 2 124 11 204 98
710 1 89 50 132 86
710 2 121 7 202 94
711 1 86 46 129 82
711 2 118 3 198 90
712 1 80 41 126 79
712 2 114 0 194 86
713 1 77 39 122 77
713 2 110 0 191 83
714 1 72 37 120 77
714 2 108 0 188 83
715 1 78 35 120 72
715 2 105 0 186 84
716 1 77 37 118 74
716 2 103 0 183 86
717 1 76 40 117 77
717 2 102 1 182 88
718 1 75 41 117 78
718 2 88 2 182 89
719 1 76 42 117 80
719 2 89 2 182 89
720 1 76 44 116 80
720 2 90 0 183 87
721 1 78 47 116 80
721 2 92 0 186 87
722 1 85 40 123 74
722 2 95 1 188 88
723 1 92 42 129 76
723 2 100 0 193 87
724 1 98 41 137 76
724 2 107 0 196 83
725 1 98 34 140 71
725 2 111 0 200 81
726 1 105 29 146 66
726 2 117 0 206 79
727 1 106 31 144 63
727 2 122 0 211 78
728 1 114 28 154 62
728 2 127 0 216 77
729 1 117 27 158 61
729 2 128 0 222 82
730 1 119 27 161 62
730 2 129 0 223 83
731 1 120 28 163 63
731 2 153 0 224 67
732 1 122 26 164 68
732 2 154 0 224 67
733 1 123 26 166 67
733 2 154 0 225 67
734 1 124 24 166 65
734 2 155 0 226 65
735 1 124 21 166 62
735 2 155 0 226 62
736 1 122 17 165 58
736 2 154 0 225 60
737 1 121 14 163 55
737 2 152 0 223 59
738 1 120 14 162 55
738 2 149 0 220 59
739 1 119 14 159 53
739 2 155 0 214 65
740 1 114 14 154 54
740 2 151 0 210 66
741 1 112 15 152 54
741 2 147 0 206 67
742 1 108 15 148 54
742 2 143 0 202 69
743 1 105 16 145 55
743 2 139 2 199 71
744 1 101 16 141 47
744 2 137 3 196 72
745 1 98 16 138 48
745 2 133 4 193 73
746 1 96 17 136 49
746 2 131 5 190 74
747 1 95 19 135 50
747 2 129 8 188 77
748 1 94 20 134 51
748 2 127 12 186 81
749 1 94 24 132 54
749 2 126 15 186 84
750 1 94 28 132 58
750 2 126 18 185 87
751 1 90 31 133 72
751 2 126 21 185 90
752 1 88 33 132 76
752 2 126 22 186 91
752 3 141 34 191 61
753 1 96 33 136 66
753 2 128 22 187 91
753 3 142 35 192 61
754 1 95 33 138 66
754 2 119 23 189 92
754 3 144 34 194 61
755 1 97 33 140 67
755 2 120 23 191 92
755 3 146 35 196 61
756 1 97 33 142 68
756 2 121 22 195 95
756 3 150 36 200 62
757 1 104 32 149 67
757 2 123 21 197 93
757 3 152 36 202 62
758 1 105 31 150 66
758 2 122 18 200 94
758 3 152 34 205 62
759 1 107 31 152 66
759 2 124 18 202 94
759 3 152 32 208 61
760 1 115 30 153 65
760 2 127 17 205 93
760 3 158 32 213 61
761 1 117 28 154 63
761 2 130 15 207 91
761 3 158 31 213 60
762 1 118 27 156 62
762 2 122 13 208 89
762 3 159 29 214 58
763 1 119 24 156 59
763 2 120 9 211 89
763 3 161 30 219 60
764 1 120 22 156 56
764 2 121 8 211 88
764 3 158 28 219 60
765 1 118 20 156 55
765 2 120 5 211 85
765 3 161 26 218 58
766 1 119 20 155 53
766 2 120 3 210 83
766 3 160 27 217 58
767 1 119 19 155 52
767 2 119 4 209 84
767 3 156 28 216 61
768 1 121 19 155 51
768 2 120 4 210 84
768 3 154 29 214 62
769 1 122 20 155 50
769 2 119 5 210 84
769 3 154 28 214 61
770 1 122 20 155 50
770 2 120 6 210 86
770 3 152 28 212 61
771 1 122 21 153 50
771 2 120 9 206 85
771 3 148 28 208 61
772 1 110 13 160 52
772 2 132 10 201 86
772 3 156 25 210 49
773 1 106 20 155 59
773 2 129 12 199 88
773 3 153 26 207 50
774 1 105 21 154 60
774 2 126 12 198 92
774 3 151 26 206 50
775 1 102 20 154 61
775 2 124 14 197 94
775 3 149 27 204 51
776 1 102 21 154 62
776 2 123 15 196 95
776 3 148 28 203 52
777 1 103 22 152 61
777 2 132 15 196 95
777 3 148 28 202 52
778 1 101 21 153 61
778 2 132 16 195 96
778 3 147 29 202 53
779 1 103 19 154 59
779 2 132 16 195 96
779 3 147 29 201 53
780 1 103 19 154 59
780 2 132 16 195 96
780 3 146 29 201 53
781 1 103 18 153 58
781 2 132 18 195 97
781 3 148 30 200 53
782 1 102 18 154 60
782 2 132 18 196 98
782 3 148 31 200 54
783 1 104 19 154 59
783 2 133 20 196 100
783 3 150 32 200 54
784 1 106 20 156 57
784 2 134 23 197 102
784 3 152 32 202 53
785 1 106 21 157 58
785 2 133 23 200 106
785 3 153 32 202 54
786 1 109 23 157 58
786 2 133 25 200 109
786 3 154 33 203 55
787 1 111 24 159 59
787 2 134 28 201 111
787 3 154 34 204 56
788 1 112 25 160 60
788 2 135 29 202 113
788 3 156 36 205 57
789 1 113 25 161 60
789 2 136 30 202 114
789 3 156 37 206 59
790 1 114 27 162 62
790 2 134 30 204 117
790 3 157 38 206 60
791 1 116 29 162 63
791 2 134 31 205 119
791 3 157 40 207 61
792 1 117 30 163 64
792 2 135 32 205 120
792 3 158 41 207 62
793 1 118 30 164 64
793 2 134 29 204 117
793 3 160 41 206 61
794 1 119 29 165 62
794 2 133 27 207 119
794 3 161 40 206 59
795 1 120 27 166 60
795 2 135 23 206 111
795 3 162 38 207 57
796 1 120 23 168 58
796 2 134 19 208 112
796 3 162 35 207 55
797 1 120 20 168 55
797 2 128 17 209 109
797 3 163 33 208 53
798 1 120 18 168 54
798 2 128 15 209 107
798 3 164 31 208 50
799 1 120 17 168 52
799 2 122 13 209 105
799 3 163 28 210 49
800 1 121 17 169 52
800 2 123 12 209 104
800 3 163 28 210 48
801 1 120 17 168 52
801 2 121 30 215 102
801 3 165 27 212 48
802 1 120 18 168 53
802 2 120 32 206 104
802 3 164 28 210 49
803 1 119 20 167 55
803 2 122 36 203 104
803 3 182 31 212 48
804 1 118 21 166 56
804 2 124 38 202 103
804 3 180 32 210 50
805 1 117 24 163 58
805 2 124 38 201 103
805 3 178 35 208 52
806 1 114 28 160 61
806 2 123 39 200 104
806 3 174 38 205 56
807 1 111 32 157 65
807 2 123 43 196 105
807 3 171 42 201 59
808 1 107 36 153 69
808 2 121 46 184 108
808 3 167 47 194 68
809 1 102 44 148 78
809 2 116 54 179 116
809 3 162 54 189 76
810 1 100 56 144 87
810 2 112 62 176 124
810 3 158 61 186 84
811 1 96 59 142 93
811 2 111 67 175 129
811 3 155 65 183 88
812 1 95 62 140 95
812 2 109 69 172 131
812 3 153 67 181 90
813 1 94 63 139 97
813 2 107 70 170 132
813 3 152 68 179 90
814 1 93 66 137 98
814 2 122 73 169 135
814 3 151 69 178 91
815 1 94 69 135 99
815 2 120 75 167 137
815 3 148 72 176 94
816 1 90 71 131 101
816 2 116 77 163 139
816 3 145 73 173 96
817 1 89 72 130 102
817 2 115 78 162 140
817 3 144 74 172 97
818 1 88 71 132 103
818 2 116 78 163 140
818 3 144 74 172 97
819 1 90 71 131 101
819 2 116 78 163 140
819 3 144 74 172 96
820 1 90 70 131 101
820 2 115 76 164 141
820 3 145 74 173 97
821 1 90 70 132 100
821 2 115 77 164 142
821 3 146 74 174 97
822 1 94 71 133 100
822 2 117 79 166 144
822 3 147 75 175 98
823 1 96 72 136 101
823 2 114 80 168 145
823 3 149 77 177 100
824 1 97 73 136 102
824 2 114 81 168 146
824 3 150 78 178 100
825 1 97 73 136 102
825 2 114 80 168 145
825 3 150 77 178 100
826 1 97 74 137 102
826 2 109 81 169 146
826 3 151 78 179 100
827 1 98 75 138 104
827 2 109 82 169 147
827 3 151 78 180 102
828 1 99 76 139 104
828 2 108 81 170 149
828 3 152 78 182 102
829 1 100 76 140 105
829 2 108 81 171 149
829 3 152 78 182 103
830 1 99 76 141 106
830 2 108 81 171 149
830 3 151 77 182 102
831 1 101 76 141 105
831 2 106 78 172 150
831 3 152 77 182 102
832 1 100 76 140 104
832 2 106 77 172 148
832 3 152 78 182 102
833 1 101 75 138 102
833 2 99 76 165 148
833 3 152 77 182 101
834 1 101 74 138 102
834 2 99 75 164 147
834 3 151 75 182 100
835 1 99 73 139 101
835 2 98 74 164 147
835 3 151 76 181 100
836 1 99 73 138 101
836 2 97 73 162 146
836 3 152 76 180 98
837 1 99 72 138 101
837 2 96 73 161 145
837 3 150 75 180 99
838 1 98 73 138 102
838 2 88 72 160 156
838 3 149 75 179 99
839 1 98 73 137 102
839 2 89 74 158 154
839 3 149 75 179 99
840 1 98 72 137 101
840 2 84 74 157 161
840 3 149 76 179 100
841 1 96 73 138 103
841 2 84 75 156 162
841 3 149 77 178 101
842 1 96 74 136 103
842 2 83 76 156 162
842 3 148 78 178 102
843 1 96 76 136 104
843 2 84 76 156 162
843 3 148 80 177 104
844 1 95 77 134 105
844 2 84 76 154 154
844 3 147 81 176 105
845 1 93 78 133 107
845 2 84 76 153 155
845 3 146 82 175 106
846 1 92 79 131 108
846 2 88 85 145 154
846 3 144 82 173 106
847 1 90 80 129 108
847 2 86 85 144 154
847 3 143 81 172 105
848 1 91 80 128 107
848 2 86 85 144 153
848 3 142 81 171 105
849 1 90 79 128 106
849 2 86 84 144 153
849 3 141 80 171 104
850 1 90 78 128 105
850 2 87 85 142 150
850 3 140 79 170 103
851 1 90 76 128 104
851 2 87 86 142 150
851 3 140 78 170 102
852 1 89 74 129 103
852 2 87 87 142 152
852 3 134 77 170 116
853 1 90 73 129 101
853 2 87 87 142 152
853 3 135 76 170 115
854 1 92 72 130 99
854 2 99 87 143 152
854 3 136 76 170 114
855 1 94 71 132 98
855 2 101 87 145 152
855 3 139 76 172 113
856 1 97 70 134 98
856 2 103 87 147 152
856 3 141 75 174 113
857 1 100 69 138 97
857 2 105 86 149 152
857 3 143 73 181 110
858 1 102 70 140 97
858 2 106 84 152 153
858 3 147 69 184 106
859 1 104 68 141 96
859 2 107 84 153 152
859 3 148 68 186 104
860 1 104 68 142 95
860 2 108 83 154 152
860 3 148 65 186 102
861 1 104 66 142 94
861 2 108 82 154 150
861 3 149 63 186 100
862 1 105 66 142 93
862 2 108 82 154 150
862 3 149 61 187 98
863 1 104 66 144 94
863 2 110 71 155 151
863 3 150 61 188 98
864 1 105 66 144 95
864 2 111 72 156 152
864 3 150 62 190 100
865 1 107 68 144 95
865 2 112 74 156 154
865 3 151 63 190 102
866 1 108 69 146 97
866 2 112 76 156 156
866 3 152 65 192 103
867 1 109 71 146 98
867 2 111 75 158 159
867 3 153 66 192 104
868 1 109 72 145 98
868 2 110 74 159 162
868 3 153 67 193 105
869 1 110 72 146 98
869 2 110 73 159 161
869 3 154 67 193 105
870 1 110 72 146 98
870 2 101 77 158 155
870 3 154 67 194 105
871 1 110 72 146 98
871 2 100 77 158 155
871 3 154 67 194 102
872 1 112 70 149 97
872 2 100 77 158 155
872 3 154 68 193 103
873 1 112 71 151 100
873 2 92 91 157 159
873 3 155 72 194 107
874 1 112 74 152 103
874 2 92 95 156 163
874 3 155 77 194 112
875 1 113 78 152 106
875 2 91 98 156 166
875 3 155 80 195 115
876 1 113 80 151 107
876 2 90 100 154 168
876 3 156 83 194 116
877 1 113 83 150 111
877 2 88 102 153 170
877 3 150 86 194 124
878 1 111 85 150 114
878 2 86 105 151 173
878 3 150 89 193 126
879 1 109 88 150 118
879 2 85 108 149 176
879 3 148 92 192 129
880 1 109 92 150 122
880 2 83 112 147 180
880 3 148 95 192 132
881 1 108 95 148 123
881 2 81 114 145 182
881 3 147 97 191 134
882 1 108 96 147 125
882 2 78 113 146 184
882 3 147 99 190 136
883 1 108 99 148 127
883 2 81 126 147 186
883 3 146 103 190 140
884 1 109 101 147 128
884 2 82 128 147 188
884 3 147 104 190 142
885 1 111 101 146 127
885 2 82 128 147 188
885 3 146 104 192 143
886 1 112 102 148 128
886 2 83 130 148 190
886 3 148 105 193 144
887 1 112 103 149 130
887 2 86 133 148 190
887 3 148 106 194 145
888 1 114 104 152 132
888 2 90 135 150 189
888 3 151 107 197 146
889 1 116 105 154 132
889 2 92 132 166 192
889 3 152 108 198 147
890 1 116 105 154 132
890 2 92 132 166 192
890 3 154 108 199 147
891 1 118 104 156 132
891 2 93 132 166 192
891 3 156 107 199 144
892 1 119 103 156 130
892 2 93 131 167 191
892 3 155 106 199 143
893 1 119 102 157 129
893 2 92 131 166 191
893 3 156 105 199 142
894 1 119 102 157 129
894 2 93 131 166 191
894 3 156 105 199 142
895 1 119 101 157 129
895 2 92 131 166 191
895 3 156 105 200 142
896 1 121 102 156 128
896 2 92 131 166 191
896 3 156 104 200 141
897 1 121 102 157 128
897 2 92 132 166 192
897 3 156 104 200 141
898 1 122 102 157 128
898 2 92 133 166 193
898 3 158 105 199 140
899 1 121 101 159 128
899 2 92 134 166 194
899 3 159 104 200 140
900 1 120 101 160 130
900 2 92 134 166 194
900 3 159 105 200 140
901 1 122 102 161 130
901 2 88 131 166 196
901 3 159 106 200 141
902 1 121 102 161 131
902 2 87 132 165 197
902 3 159 106 200 142
903 1 121 104 161 133
903 2 86 134 164 199
903 3 159 108 200 144
904 1 120 106 160 135
904 2 85 136 163 201
904 3 158 110 200 145
905 1 119 108 158 137
905 2 83 139 161 204
905 3 157 112 198 147
906 1 118 110 158 139
906 2 82 141 159 206
906 3 155 113 200 150
907 1 116 111 157 141
907 2 80 143 158 208
907 3 154 114 200 151
908 1 116 113 157 143
908 2 79 146 157 210
908 3 154 117 197 152
909 1 114 115 156 145
909 2 78 146 156 211
909 3 153 117 198 154
910 1 114 114 156 144
910 2 77 148 155 213
910 3 152 119 197 156
911 1 114 116 155 146
911 2 76 149 153 223
911 3 152 121 195 156
912 1 115 117 155 145
912 2 75 151 152 225
912 3 150 122 194 157
913 1 115 118 154 147
913 2 70 153 152 228
913 3 150 124 194 159
914 1 114 119 155 149
914 2 70 154 151 228
914 3 150 126 193 161
915 1 114 120 154 149
915 2 68 156 149 230
915 3 148 126 194 163
916 1 114 121 153 150
916 2 67 158 149 232
916 3 146 125 194 164
917 1 113 122 152 151
917 2 57 158 148 232
917 3 144 126 194 166
918 1 114 124 152 151
918 2 56 158 147 232
918 3 145 127 192 166
919 1 114 125 150 151
919 2 55 158 146 232
919 3 144 128 192 166
920 1 114 125 150 151
920 2 54 158 145 232
920 3 144 128 191 166
921 1 114 125 150 151
921 2 54 158 145 232
921 3 144 128 190 165
922 1 113 125 150 152
922 2 54 159 145 233
922 3 144 129 189 166
923 1 113 124 150 152
923 2 54 158 145 233
923 3 145 129 188 164
924 1 113 124 150 151
924 2 54 158 145 232
924 3 147 130 188 163
925 1 114 125 151 152
925 2 51 155 147 233
925 3 149 130 192 162
926 1 113 124 153 153
926 2 52 155 147 233
926 3 149 130 193 162
927 1 114 124 153 152
927 2 52 155 148 240
927 3 149 129 193 161
928 1 114 123 153 152
928 2 52 154 148 240
928 3 149 129 193 161
929 1 114 122 153 150
929 2 52 155 147 240
929 3 149 128 193 160
930 1 113 121 152 150
930 2 50 155 146 240
930 3 150 128 192 158
931 1 112 121 152 150
931 2 49 156 144 240
931 3 149 126 192 158
932 1 113 122 150 149
932 2 48 157 144 240
932 3 142 128 190 158
933 1 112 122 149 149
933 2 47 159 142 240
933 3 142 127 190 158
934 1 112 124 148 150
934 2 46 161 142 240
934 3 139 127 190 159
935 1 112 124 147 150
935 2 46 162 141 240
935 3 139 129 188 160
936 1 110 125 146 151
936 2 44 164 139 240
936 3 138 130 187 160
937 1 110 127 146 153
937 2 42 165 138 240
937 3 136 130 187 162
938 1 108 129 144 155
938 2 40 167 136 240
938 3 136 133 185 163
939 1 106 131 142 157
939 2 39 169 134 240
939 3 133 134 186 166
940 1 104 132 140 158
940 2 36 169 131 240
940 3 130 135 183 167
941 1 102 133 138 159
941 2 33 168 129 240
941 3 129 135 182 167
942 1 99 134 135 160
942 2 31 168 126 240
942 3 128 135 178 166
943 1 97 134 133 160
943 2 23 164 123 240
943 3 125 135 175 166
944 1 95 133 130 159
944 2 24 167 119 240
944 3 123 136 173 166
945 1 93 133 128 159
945 2 19 167 115 240
945 3 120 136 170 166
946 1 90 133 126 159
946 2 17 168 112 240
946 3 118 137 168 168
947 1 89 134 124 160
947 2 16 169 111 240
947 3 116 138 166 168
948 1 88 135 124 161
948 2 14 171 109 240
948 3 115 139 165 170
949 1 88 136 123 162
949 2 12 173 107 240
949 3 114 141 164 171
950 1 87 137 123 163
950 2 10 174 106 240
950 3 112 140 165 173
951 1 86 137 122 163
951 2 10 174 105 240
951 3 113 141 165 173
952 1 86 136 122 162
952 2 10 173 105 240
952 3 114 140 164 171
953 1 85 135 123 162
953 2 19 165 112 240
953 3 114 139 164 169
954 1 85 133 124 162
954 2 20 164 113 240
954 3 114 137 164 168
955 1 87 132 126 160
955 2 22 162 115 240
955 3 115 135 166 166
956 1 86 130 128 160
956 2 24 161 116 240
956 3 116 134 167 165
957 1 89 128 130 158
957 2 23 158 120 240
957 3 120 132 168 161
958 1 91 125 133 155
958 2 25 158 123 240
958 3 122 131 168 159
959 1 92 123 134 153
959 2 29 158 122 240
959 3 122 130 170 159
960 1 93 122 135 152
960 2 27 156 125 240
960 3 123 128 172 157
961 1 94 120 137 151
961 2 29 154 126 240
961 3 124 126 172 155
962 1 94 118 138 150
962 2 27 151 130 240
962 3 125 125 178 154
963 1 96 118 139 150
963 2 28 151 130 240
963 3 126 126 178 155
964 1 97 118 140 150
964 2 29 151 131 240
964 3 128 127 178 154
965 1 98 120 142 151
965 2 28 152 131 240
965 3 129 128 179 156
966 1 100 122 141 152
966 2 28 154 131 240
966 3 128 129 180 158
967 1 100 122 141 152
967 2 28 155 130 240
967 3 127 130 180 159
968 1 99 123 140 153
968 2 28 156 130 240
968 3 127 132 177 159
969 1 98 123 140 153
969 2 26 156 128 240
969 3 124 132 177 161
970 1 96 125 138 155
970 2 24 157 126 240
970 3 125 132 175 160
971 1 94 126 135 156
971 2 22 158 124 240
971 3 123 134 173 161
972 1 93 125 134 155
972 2 37 157 121 240
972 3 120 132 172 161
973 1 90 125 131 155
973 2 34 156 119 240
973 3 118 134 168 162
974 1 88 124 130 154
974 2 32 156 117 240
974 3 116 133 166 160
975 1 87 123 129 153
975 2 32 159 113 240
975 3 115 132 165 159
976 1 86 122 128 152
976 2 30 159 111 240
976 3 116 132 163 159
977 1 86 122 127 152
977 2 30 159 110 240
977 3 114 132 162 158
978 1 85 121 126 151
978 2 3 159 109 240
978 3 112 132 162 160
979 1 84 122 126 152
979 2 3 160 108 240
979 3 112 132 162 160
980 1 85 122 126 152
980 2 3 161 108 240
980 3 112 133 162 160
981 1 85 123 126 153
981 2 2 162 107 240
981 3 112 134 162 161
982 1 85 123 126 153
982 2 3 163 108 240
982 3 112 134 162 162
983 1 88 125 127 154
983 2 4 163 109 240
983 3 117 136 164 162
984 1 91 127 128 154
984 2 6 164 111 240
984 3 118 137 164 162
985 1 93 128 128 154
985 2 8 164 113 240
985 3 122 136 167 161
986 1 94 125 132 152
986 2 10 162 116 240
986 3 122 133 168 158
987 1 94 121 133 150
987 2 12 159 117 240
987 3 123 131 169 156
988 1 96 119 135 148
988 2 14 157 119 240
988 3 126 128 171 154
989 1 97 117 136 146
989 2 15 156 120 240
989 3 128 126 174 151
990 1 97 115 138 145
990 2 17 156 122 240
990 3 131 124 176 150
991 1 100 116 140 145
991 2 19 156 124 240
991 3 131 123 178 149
992 1 102 117 142 146
992 2 21 158 127 240
992 3 132 125 180 151
993 1 105 119 143 146
993 2 38 160 129 240
993 3 134 127 181 153
994 1 106 122 144 149
994 2 38 162 129 240
994 3 134 128 182 154
995 1 105 123 143 150
995 2 38 164 129 240
995 3 134 130 182 156
996 1 105 124 143 151
996 2 38 165 129 240
996 3 135 129 182 156
997 1 105 126 143 153
997 2 40 168 127 240
997 3 134 130 182 156
998 1 105 125 142 152
998 2 39 169 126 240
998 3 133 131 181 157
999 1 104 126 140 152
999 2 46 168 123 240
999 3 130 129 180 156
1000 1 102 125 137 151
1000 2 43 166 120 240
1000 3 129 128 176 154
1001 1 98 123 134 149
1001 2 38 163 116 240
1001 3 127 126 172 151
1002 1 96 119 131 145
1002 2 34 160 112 240
1002 3 126 124 169 148
1003 1 92 115 129 142
1003 2 0 156 107 240
1003 3 123 121 166 145
1004 1 89 112 127 139
1004 2 0 153 104 240
1004 3 120 119 161 142
1005 1 87 110 124 137
1005 2 0 156 97 240
1005 3 117 118 158 141
1006 1 85 110 120 136
1006 2 0 157 92 240
1006 3 114 117 155 139
1007 1 81 109 117 135
1007 2 0 160 86 240
1007 3 110 117 151 139
1008 1 77 109 112 135
1008 2 0 155 88 240
1008 3 106 118 147 140
1009 1 73 109 109 135
1009 2 0 154 86 240
1009 3 103 118 144 141
1010 1 72 109 105 134
1010 2 0 150 79 240
1010 3 100 117 141 140
1011 1 68 108 104 134
1011 2 0 151 77 240
1011 3 98 117 138 140
1012 1 67 106 101 131
1012 2 0 150 74 240
1012 3 94 115 136 138
1013 1 61 104 97 130
1013 2 0 149 70 240
1013 3 92 113 132 136
1014 1 57 102 93 128
1014 2 0 145 67 240
1014 3 88 110 130 133
1015 1 53 100 90 127
1015 2 0 141 64 240
1015 3 86 108 127 130
1016 1 52 98 87 124
1016 2 0 139 62 240
1016 3 84 105 125 127
1017 1 51 93 86 119
1017 2 0 135 60 240
1017 3 81 100 124 124
1018 1 48 90 83 116
1018 2 0 132 58 231
1018 3 79 97 122 121
1019 1 46 88 81 114
1019 2 0 130 56 229
1019 3 76 94 122 119
1020 1 43 85 79 111
1020 2 0 128 55 227
1020 3 73 91 119 116
1021 1 42 80 79 107
1021 2 0 125 52 224
1021 3 71 88 117 113
1022 1 38 77 75 104
1022 2 68 85 114 110
1022 3 0 117 45 196
1023 1 34 75 71 102
1023 2 65 83 110 108
1023 3 0 114 41 193
1024 1 31 72 68 99
1024 2 62 81 107 106
1024 3 0 112 37 191
1025 1 25 70 63 98
1025 2 58 79 103 104
1025 3 0 110 33 192
1026 1 20 70 57 97
1026 2 54 78 99 103
1026 3 0 108 28 190
1027 1 12 66 51 95
1027 2 48 76 93 101
1027 3 0 106 18 168
1028 1 0 53 47 82
1028 2 43 74 88 100
1028 3 0 137 10 159
1029 1 0 52 41 81
1029 2 26 71 85 96
1030 1 19 70 82 96
1030 2 0 53 44 80
1031 1 12 69 78 96
1031 2 0 52 38 78
1032 1 7 68 73 95
1032 2 0 50 32 76
1033 1 1 66 67 94
1033 2 0 48 24 75
1034 1 0 64 61 91
1034 2 0 45 20 72
1035 1 0 61 57 90
1036 1 0 60 57 89
1037 1 0 58 54 86
1038 1 0 56 51 84
1039 1 0 55 47 82
1040 1 0 53 49 82
1041 1 0 52 49 81
1042 1 0 51 52 80
1043 1 0 52 52 81
1044 1 0 54 55 83
1045 1 0 54 57 86
1046 1 0 55 57 86
1047 1 0 58 63 91
1048 1 0 60 67 93
1049 1 0 61 67 94
1050 1 0 64 74 99
1050 2 0 40 24 66
1051 1 2 65 76 100
1051 2 0 43 27 69
1052 1 3 68 78 102
1052 2 0 45 31 73
1053 1 6 69 80 104
1053 2 0 47 34 75
1054 1 6 71 81 105
1054 2 0 49 36 76
1055 1 10 72 85 106
1055 2 3 49 38 76
1056 1 10 73 85 107
1056 2 0 51 38 80
1057 1 13 73 84 106
1057 2 0 50 38 79
1058 1 15 74 83 105
1058 2 0 48 40 78
1059 1 14 74 82 105
1059 2 0 48 40 78
1060 1 12 74 80 105
1060 2 0 48 38 78
1061 1 11 75 75 104
1061 2 0 48 35 78
1062 1 11 78 72 106
1062 2 0 50 32 79
1063 1 8 81 70 109
1063 2 0 51 30 81
1064 1 5 83 70 112
1064 2 0 54 29 84
1065 1 3 86 68 116
1065 2 0 56 26 86
1066 1 4 89 66 117
1066 2 0 59 25 89
1067 1 3 91 65 119
1067 2 0 61 25 91
1068 1 2 92 67 122
1068 2 0 63 27 95
1069 1 4 94 68 124
1069 2 0 66 30 97
1070 1 7 98 72 127
1070 2 0 69 36 100
1071 1 10 99 78 130
1071 2 0 71 42 104
1072 1 17 101 84 132
1072 2 0 74 46 106
1073 1 24 103 88 132
1073 2 2 74 53 107
1074 1 27 103 95 134
1074 2 2 75 61 108
1075 1 33 103 101 134
1075 2 5 74 67 108
1076 1 40 103 99 133
1076 2 10 73 72 108
1077 1 43 103 102 133
1077 2 0 118 23 172
1077 3 25 73 76 108
1078 1 48 103 106 132
1078 2 0 122 27 172
1078 3 29 73 80 108
1079 1 52 102 111 133
1079 2 0 123 31 172
1079 3 32 74 82 108
1080 1 54 103 110 134
1080 2 0 124 34 173
1080 3 40 75 84 107
1081 1 56 104 112 135
1081 2 2 124 36 173
1081 3 37 76 85 107
1082 1 56 103 114 134
1082 2 1 125 36 174
1082 3 37 76 85 107
1083 1 54 103 111 135
1083 2 0 126 34 176
1083 3 34 76 84 108
1084 1 51 103 109 135
1084 2 0 127 30 176
1084 3 32 77 80 108
1085 1 46 102 109 137
1085 2 0 126 26 175
1085 3 26 76 78 109
1086 1 45 102 104 137
1086 2 0 125 20 174
1086 3 25 77 74 108
1087 1 43 102 98 136
1087 2 0 144 17 174
1087 3 18 77 69 107
1088 1 39 99 100 135
1088 2 0 142 12 174
1088 3 11 74 67 105
1089 1 37 98 94 134
1089 2 0 138 10 173
1089 3 7 72 66 106
1090 1 35 97 93 132
1090 2 5 71 64 104
1091 1 32 96 92 132
1091 2 4 69 62 102
1092 1 32 94 90 130
1092 2 3 69 61 102
1093 1 31 93 92 129
1093 2 2 68 60 101
1094 1 33 93 90 128
1094 2 1 67 60 100
1095 1 35 93 106 125
1095 2 2 65 60 98
1096 1 37 91 105 122
1096 2 0 129 6 155
1096 3 4 64 63 97
1097 1 42 91 109 122
1097 2 0 129 10 155
1097 3 5 62 67 96
1098 1 45 90 113 121
1098 2 0 119 14 154
1098 3 11 62 70 95
1099 1 50 92 115 122
1099 2 0 108 18 154
1099 3 16 62 75 95
1100 1 53 93 118 123
1100 2 0 109 22 154
1100 3 22 64 78 95
1101 1 57 98 112 128
1101 2 0 113 28 169
1101 3 28 67 83 98
1102 1 62 100 115 128
1102 2 0 114 32 170
1102 3 32 68 87 99
1103 1 68 102 116 129
1103 2 0 115 38 183
1103 3 36 69 92 100
1104 1 73 103 120 129
1104 2 40 70 96 102
1104 3 0 112 46 187
1105 1 77 104 124 129
1105 2 46 72 99 102
1105 3 0 112 50 187
1106 1 80 104 126 129
1106 2 49 73 102 102
1106 3 0 111 54 186
1107 1 81 104 130 131
1107 2 52 73 106 103
1107 3 0 110 58 185
1108 1 84 104 131 131
1108 2 57 74 108 102
1108 3 0 108 62 187
1109 1 86 104 134 131
1109 2 60 74 111 102
1109 3 0 108 65 187
1110 1 88 104 137 132
1110 2 63 74 111 101
1110 3 0 108 67 199
1111 1 90 103 138 131
1111 2 66 73 114 100
1111 3 0 106 70 197
1112 1 92 104 141 132
1112 2 66 72 116 100
1112 3 1 104 70 195
1113 1 92 102 140 130
1113 2 67 72 117 100
1113 3 0 104 72 200
1114 1 93 102 141 130
1114 2 69 72 117 99
1114 3 0 103 73 199
1115 1 95 102 142 128
1115 2 69 71 119 99
1115 3 0 102 73 198
1116 1 98 102 143 127
1116 2 70 70 121 98
1116 3 0 99 74 195
1117 1 97 100 145 126
1117 2 70 69 121 97
1117 3 0 95 75 191
1118 1 97 99 147 126
1118 2 74 67 122 94
1118 3 1 93 76 189
1119 1 100 97 149 129
1119 2 77 67 123 93
1119 3 0 91 79 179
1120 1 103 97 152 129
1120 2 80 66 126 92
1120 3 0 89 82 176
1121 1 105 97 156 130
1121 2 84 66 130 92
1121 3 0 90 86 178
1122 1 110 99 159 131
1122 2 88 68 134 94
1122 3 0 92 92 180
1123 1 114 102 163 134
1123 2 92 70 138 96
1123 3 0 101 95 188
1124 1 119 105 168 136
1124 2 96 73 144 100
1124 3 0 106 101 193
1125 1 127 112 176 143
1125 2 104 78 150 104
1125 3 0 116 108 200
1126 1 133 117 182 149
1126 2 108 83 156 110
1126 3 0 122 115 206
1127 1 137 120 188 153
1127 2 113 88 161 114
1127 3 0 128 122 212
1128 1 142 122 193 155
1128 2 121 89 167 115
1128 3 13 130 129 216
1129 1 146 125 197 158
1129 2 123 92 171 119
1129 3 22 134 132 215
1130 1 150 124 204 159
1130 2 127 92 177 120
1130 3 31 136 136 213
1131 1 156 122 210 157
1131 2 132 91 182 119
1131 3 37 132 142 209
1132 1 160 117 214 152
1132 2 135 86 188 116
1132 3 50 127 149 206
1133 1 166 110 220 145
1133 2 141 80 194 109
1133 3 56 119 155 198
1134 1 172 98 226 133
1134 2 60 108 159 187
1134 3 154 66 194 101
1135 1 176 88 229 123
1135 2 65 96 164 176
1135 3 158 57 198 92
1136 1 180 79 234 114
1136 2 70 80 169 166
1136 3 161 45 203 82
1137 1 183 69 237 104
1137 2 73 72 172 157
1137 3 165 35 206 71
1138 1 187 59 241 94
1138 2 78 62 177 147
1138 3 169 24 210 60
1139 1 189 41 241 70
1139 2 83 51 177 132
1139 3 171 12 213 48
1140 1 190 33 242 62
1140 2 85 41 179 122
1140 3 172 0 214 37
1141 1 191 14 246 44
1141 2 86 30 180 111
1142 1 190 4 248 36
1142 2 87 19 181 100
1143 1 192 0 252 24
1143 2 88 10 182 91
1144 1 88 3 182 84
1145 1 89 0 183 78
1146 1 90 0 184 73
1147 1 96 0 185 66
1148 1 99 0 189 61
1149 1 111 0 175 44
1150 1 116 0 176 40
1151 1 109 0 180 44
1152 1 113 0 184 45
1153 1 117 0 188 48
1154 1 120 0 192 49
1155 1 123 0 194 50
1156 1 123 0 198 54
1157 1 122 0 201 58
1158 1 124 0 203 72
1159 1 124 0 203 74
1160 1 123 0 202 75
1161 1 120 0 204 79
1162 1 120 0 204 78
1163 1 118 0 206 81
1164 1 118 0 206 81
1165 1 122 0 210 80
1166 1 127 0 211 77
1167 1 130 0 217 77
1168 1 137 0 225 77
1169 1 140 0 228 78
1170 1 145 0 237 79
1171 1 153 0 240 76
1172 1 165 0 249 70
1173 1 170 0 254 68
1174 1 173 0 257 66
1175 1 178 0 258 62
1176 1 181 0 254 55
1177 1 183 0 253 51
1178 1 184 0 256 50
1179 1 185 0 250 43
1180 1 184 0 246 42
1181 1 183 0 246 40
1182 1 181 0 245 35
1183 1 182 0 240 34
1184 1 180 0 241 29
1185 1 181 0 240 31
1186 1 181 0 240 28
1187 1 180 0 242 28
1188 1 181 0 241 36
1189 1 184 0 247 31
1190 1 185 0 250 34
1191 1 190 0 252 38
1192 1 193 0 260 36
1193 1 207 0 269 32
1194 1 214 0 276 30
1195 1 223 0 285 29
1196 1 231 0 278 30
1197 1 240 0 287 30
1198 1 244 0 292 28
1199 1 240 0 290 25
1273 1 19 0 320 240
