101 1 56 0 115 32
101 2 253 0 320 170
102 1 52 0 109 32
102 2 244 0 318 180
103 1 32 0 87 36
103 2 224 0 320 194
104 1 22 0 84 50
104 2 214 0 320 200
105 1 16 0 88 61
105 2 204 1 320 240
106 1 0 0 77 55
106 2 197 0 320 239
107 1 0 1 61 36
107 2 187 0 320 240
108 1 0 0 52 30
108 2 178 0 319 239
109 1 160 0 318 238
110 1 152 0 320 238
111 1 147 0 319 240
112 1 146 0 320 238
113 1 146 0 320 240
114 1 147 0 320 240
115 1 145 0 318 240
116 1 143 0 316 240
117 1 141 0 314 240
118 1 138 0 312 240
119 1 136 5 309 240
120 1 130 1 312 240
121 1 130 2 312 240
122 1 130 0 312 240
123 1 132 0 314 240
124 1 133 0 315 240
125 1 136 0 318 240
126 1 137 0 319 240
127 1 135 0 316 240
128 1 145 33 320 240
129 1 143 37 320 240
130 1 0 22 40 67
130 2 141 34 320 240
131 1 0 21 39 66
131 2 138 31 320 240
132 1 0 17 36 62
132 2 143 21 320 240
133 1 0 26 38 81
133 2 144 12 320 240
134 1 0 24 41 79
134 2 147 7 320 240
135 1 0 14 49 73
135 2 153 0 320 224
136 1 0 5 49 70
136 2 155 0 320 216
137 1 0 2 54 64
137 2 146 0 320 218
138 1 0 0 54 61
138 2 146 0 320 214
139 1 0 0 52 54
139 2 147 0 320 210
140 1 0 0 50 54
140 2 146 0 320 208
141 1 0 0 52 56
141 2 158 0 320 201
142 1 0 0 54 61
142 2 149 0 320 212
143 1 0 0 59 61
143 2 153 0 320 213
144 1 0 5 60 67
144 2 156 0 320 214
145 1 1 2 63 70
145 2 161 0 320 219
146 1 2 2 63 70
146 2 176 0 320 213
147 1 2 1 67 69
147 2 180 0 320 209
148 1 0 1 73 68
148 2 179 0 320 208
149 1 0 0 79 69
149 2 189 0 320 202
150 1 0 0 82 71
150 2 192 0 320 203
151 1 0 2 83 72
151 2 194 0 320 203
152 1 0 1 83 71
152 2 196 0 320 201
153 1 3 5 81 72
153 2 197 0 320 202
154 1 0 8 82 80
154 2 198 0 320 204
155 1 0 10 82 82
155 2 194 0 320 210
156 1 0 10 81 83
156 2 196 0 320 211
157 1 0 12 82 84
157 2 198 0 320 206
158 1 0 12 82 85
158 2 200 0 320 208
159 1 0 13 83 86
159 2 200 0 320 211
160 1 1 13 84 86
160 2 200 0 320 212
161 1 0 20 82 92
161 2 201 0 320 214
162 1 0 23 83 96
162 2 200 0 320 216
163 1 0 33 67 102
163 2 198 0 320 220
164 1 0 37 67 106
164 2 200 0 320 217
165 1 0 39 65 108
165 2 198 0 320 220
166 1 0 38 64 107
166 2 200 0 320 220
167 1 0 41 61 106
167 2 196 0 320 220
168 1 0 40 61 105
168 2 192 0 320 230
169 1 0 38 63 103
169 2 198 0 320 218
170 1 0 33 66 102
170 2 198 0 320 220
171 1 0 31 69 99
171 2 195 0 320 226
172 1 3 26 72 94
172 2 197 0 320 229
173 1 6 24 76 93
173 2 198 0 320 228
174 1 9 23 78 91
174 2 199 0 320 229
175 1 11 22 81 90
175 2 201 0 320 228
176 1 12 18 85 90
176 2 209 0 320 235
177 1 11 14 88 90
177 2 208 0 318 234
178 1 12 14 89 89
178 2 215 0 320 221
179 1 13 14 90 89
179 2 214 0 320 221
180 1 12 14 86 88
180 2 212 0 320 216
181 1 12 12 87 84
181 2 215 0 320 219
182 1 11 9 89 82
182 2 214 0 320 225
183 1 6 0 87 77
183 2 214 0 320 221
184 1 0 0 83 73
184 2 212 0 320 228
185 1 0 0 83 75
185 2 212 0 320 229
186 1 2 2 86 82
186 2 217 0 320 220
187 1 1 0 85 78
187 2 217 0 320 220
188 1 0 0 84 75
188 2 216 0 320 211
189 1 0 0 82 71
189 2 217 0 320 216
190 1 0 0 81 71
190 2 210 0 320 210
191 1 0 0 82 70
191 2 209 0 320 210
192 1 0 0 79 69
192 2 216 0 320 206
193 1 0 0 78 73
193 2 218 0 320 209
194 1 0 0 80 83
194 2 215 0 320 217
195 1 0 7 81 91
195 2 215 0 320 224
196 1 0 12 82 96
196 2 217 0 320 223
197 1 0 15 84 91
197 2 216 24 320 219
198 1 0 16 80 94
198 2 214 24 320 215
199 1 0 12 77 89
199 2 219 0 320 240
200 1 0 4 80 80
200 2 209 18 320 228
201 1 0 0 78 75
201 2 215 9 320 217
202 1 0 0 78 74
202 2 215 6 320 214
203 1 0 3 80 80
203 2 216 13 320 224
204 1 0 17 80 94
204 2 210 24 320 240
205 1 0 23 77 103
205 2 208 29 320 240
206 1 0 30 72 108
206 2 207 34 320 240
207 1 0 35 72 111
207 2 205 39 320 240
208 1 0 35 68 112
208 2 204 41 320 240
209 1 0 35 69 116
209 2 203 45 318 240
210 1 0 34 67 113
210 2 203 48 319 240
211 1 0 33 68 111
211 2 202 50 318 240
212 1 0 33 68 109
212 2 202 51 318 240
213 1 0 34 78 122
213 2 210 62 320 240
214 1 1 34 71 112
214 2 213 66 320 240
215 1 3 35 81 123
215 2 214 67 320 240
216 1 6 34 76 111
216 2 218 72 320 240
217 1 8 35 75 110
217 2 218 73 320 240
218 1 10 37 76 113
218 2 218 73 320 240
219 1 10 38 79 114
219 2 218 80 320 240
220 1 6 41 77 120
220 2 218 80 320 240
221 1 3 40 73 120
221 2 218 87 320 240
222 1 0 41 69 118
222 2 210 84 320 239
223 1 0 43 66 116
223 2 208 84 318 239
224 1 0 44 62 119
224 2 207 84 319 239
225 1 0 45 60 112
225 2 206 83 320 238
226 1 0 42 64 112
226 2 205 81 319 236
227 1 0 40 62 109
227 2 208 84 320 231
228 1 0 37 66 102
228 2 211 83 318 231
229 1 0 36 68 102
229 2 214 83 318 230
230 1 2 35 68 102
230 2 217 83 320 231
231 1 2 32 70 109
231 2 218 84 320 231
232 1 1 29 72 105
232 2 219 84 320 232
233 1 0 30 72 106
233 2 218 82 320 230
234 1 0 29 70 106
234 2 217 82 320 230
235 1 1 30 71 109
235 2 217 83 320 231
236 1 0 32 72 112
236 2 228 84 320 239
237 1 0 35 68 113
237 2 224 84 320 239
238 1 0 31 72 114
238 2 229 82 320 238
239 1 0 31 67 111
239 2 212 87 320 240
240 1 0 41 67 121
240 2 227 86 320 240
241 1 0 47 67 121
241 2 230 88 320 240
242 1 6 47 68 126
242 2 226 87 320 240
243 1 0 38 73 134
243 2 211 94 320 240
244 1 0 40 72 137
244 2 211 97 320 240
245 1 0 41 73 138
245 2 209 99 319 240
246 1 0 42 72 139
246 2 209 100 319 240
247 1 0 41 71 138
247 2 207 102 317 240
248 1 0 40 71 137
248 2 209 105 314 240
249 1 0 41 70 137
249 2 216 92 320 240
250 1 0 40 71 136
250 2 215 94 320 240
251 1 0 40 72 137
251 2 216 96 320 240
252 1 0 40 72 137
252 2 216 94 320 240
253 1 0 57 70 136
253 2 215 94 320 240
254 1 0 54 67 135
254 2 214 99 319 240
255 1 0 56 68 136
255 2 214 101 319 240
256 1 0 55 64 134
256 2 214 102 319 240
257 1 0 54 69 135
257 2 214 98 319 240
258 1 1 49 71 128
258 2 214 100 319 240
259 1 1 49 72 130
259 2 214 101 319 240
260 1 2 44 80 127
260 2 214 107 319 240
261 1 2 40 75 122
261 2 218 107 320 240
262 1 0 5 85 116
262 2 214 110 319 240
263 1 0 0 83 109
263 2 214 99 319 240
264 1 1 9 66 100
264 2 214 100 319 240
265 1 3 12 72 92
265 2 215 99 320 240
266 1 0 0 86 106
266 2 214 98 319 240
267 1 6 14 70 95
267 2 215 98 320 240
268 1 7 19 73 105
268 2 215 97 320 240
269 1 5 13 76 101
269 2 216 96 320 239
270 1 10 16 75 105
270 2 216 94 320 237
271 1 12 23 73 93
271 2 218 94 320 236
272 1 2 17 75 100
272 2 218 94 320 236
273 1 4 18 77 101
273 2 220 94 320 237
274 1 6 20 78 102
274 2 219 93 320 236
275 1 6 22 78 105
275 2 219 93 320 236
276 1 7 24 79 107
276 2 221 98 320 234
277 1 8 26 80 109
277 2 221 100 320 236
278 1 9 28 82 111
278 2 221 101 320 237
279 1 9 31 82 114
279 2 221 104 320 240
280 1 12 36 81 115
280 2 221 105 320 240
281 1 12 38 81 117
281 2 220 107 320 240
282 1 13 40 82 119
282 2 220 109 320 240
283 1 14 41 83 120
283 2 219 111 319 240
284 1 12 41 85 124
284 2 217 113 317 240
285 1 14 45 83 124
285 2 217 113 317 240
286 1 15 48 84 127
286 2 217 115 317 240
287 1 19 51 88 130
287 2 219 117 318 240
288 1 20 55 89 134
288 2 219 117 319 240
289 1 20 58 88 137
289 2 218 117 318 240
290 1 20 61 89 140
290 2 218 117 318 240
291 1 23 68 88 143
291 2 217 119 317 240
292 1 24 72 89 148
292 2 217 122 317 240
293 1 24 77 90 152
293 2 217 121 320 240
294 1 23 84 88 159
294 2 214 119 320 240
295 1 17 91 82 166
295 2 209 119 319 240
296 1 3 97 72 176
296 2 200 122 320 240
297 1 0 107 56 186
297 2 196 123 319 240
298 1 185 124 308 240
298 2 0 125 58 185
299 1 175 120 298 240
299 2 0 122 34 181
300 1 163 130 320 240
301 1 160 114 319 240
302 1 156 112 315 240
303 1 152 110 311 239
304 1 144 104 320 240
305 1 140 102 320 238
306 1 137 100 320 240
307 1 136 99 320 240
308 1 134 96 320 238
309 1 134 94 320 237
310 1 134 92 320 234
311 1 135 86 320 229
312 1 134 82 320 225
313 1 134 81 320 224
314 1 139 87 320 230
315 1 139 85 320 227
316 1 140 87 319 226
317 1 140 88 319 226
318 1 139 89 320 232
319 1 135 89 320 238
320 1 134 88 319 238
321 1 132 87 318 237
322 1 131 87 317 236
323 1 131 88 317 238
324 1 131 89 317 238
325 1 131 90 317 240
326 1 130 90 316 239
327 1 131 92 317 240
328 1 132 92 318 240
329 1 132 92 318 240
330 1 131 91 317 240
331 1 134 96 319 239
332 1 132 96 320 239
333 1 132 96 319 239
334 1 132 99 319 240
335 1 132 98 319 240
336 1 132 96 319 238
337 1 131 88 318 230
338 1 125 80 320 229
339 1 126 82 320 231
340 1 125 84 320 233
341 1 124 80 320 237
342 1 123 76 320 237
343 1 120 69 312 236
344 1 119 65 316 234
345 1 120 67 308 239
346 1 118 66 304 239
347 1 119 69 304 238
348 1 121 68 306 237
349 1 127 71 308 234
350 1 136 68 311 228
351 1 130 66 312 218
352 1 135 63 310 212
353 1 139 64 306 206
354 1 138 63 306 202
355 1 139 64 306 203
356 1 139 63 306 202
357 1 140 62 307 200
358 1 139 62 306 200
359 1 139 61 306 200
360 1 140 61 308 200
361 1 141 60 308 199
362 1 142 60 309 198
363 1 144 61 311 200
364 1 146 63 313 202
365 1 146 63 314 202
366 1 146 64 314 202
367 1 147 64 314 202
368 1 146 64 313 203
369 1 144 64 311 202
370 1 144 64 311 203
371 1 144 63 312 202
372 1 145 61 312 200
373 1 141 61 308 200
374 1 150 59 317 198
375 1 154 58 320 197
376 1 165 56 320 195
377 1 175 58 320 197
378 1 183 58 320 196
378 2 0 0 40 62
379 1 194 60 320 199
379 2 0 0 53 68
380 1 202 62 320 200
380 2 0 0 57 68
381 1 215 63 320 209
381 2 20 0 82 71
382 1 222 68 320 214
382 2 30 0 91 71
383 1 229 72 320 218
383 2 38 0 102 75
384 1 236 70 320 216
384 2 43 0 107 74
385 1 243 74 320 213
385 2 49 4 113 79
386 1 248 77 320 216
386 2 55 7 119 82
387 1 254 80 320 217
387 2 61 11 125 86
388 1 254 75 320 221
388 2 64 15 128 90
389 1 261 68 320 214
389 2 65 15 129 90
390 1 268 68 319 188
390 2 68 18 132 93
391 1 272 68 320 187
391 2 70 18 134 93
392 1 276 69 320 188
392 2 71 22 135 97
393 1 280 77 320 190
393 2 74 27 135 98
394 1 283 77 320 191
394 2 77 32 135 100
395 1 286 80 320 193
395 2 79 36 135 101
396 1 287 78 320 192
396 2 79 37 137 105
397 1 288 68 320 172
397 2 78 37 136 105
398 1 289 63 320 168
398 2 78 36 136 104
399 1 290 65 320 168
399 2 80 34 136 99
400 1 291 65 320 162
400 2 82 34 135 96
401 1 299 69 320 155
401 2 88 30 141 92
402 1 91 29 144 91
403 1 92 27 145 89
404 1 94 26 147 87
405 1 94 25 149 90
406 1 95 28 150 92
407 1 96 28 151 92
408 1 95 29 150 94
409 1 96 29 148 90
410 1 96 28 149 90
411 1 98 27 151 88
412 1 97 23 150 85
413 1 99 21 152 82
414 1 101 18 152 76
415 1 103 13 154 72
416 1 105 12 155 70
417 1 104 12 155 70
418 1 105 13 152 69
419 1 104 12 152 68
420 1 106 10 154 66
421 1 105 9 155 67
422 1 104 6 154 64
423 1 106 4 158 65
424 1 109 0 162 60
425 1 113 0 166 56
426 1 115 0 168 50
427 1 118 0 171 46
428 1 120 0 172 42
429 1 119 0 172 45
430 1 135 0 167 24
435 1 134 0 171 27
436 1 133 0 170 30
437 1 132 0 169 35
438 1 132 0 169 39
439 1 131 1 168 41
440 1 128 3 165 43
441 1 126 4 164 46
442 1 121 0 168 53
443 1 120 3 166 57
444 1 121 2 167 56
445 1 117 0 163 54
446 1 118 0 164 54
447 1 115 1 166 64
448 1 114 2 165 66
449 1 110 2 163 68
450 1 106 4 159 70
451 1 98 0 151 62
452 1 97 6 151 72
453 1 95 7 149 73
454 1 94 6 148 72
455 1 92 3 148 72
456 1 84 3 138 63
457 1 84 2 134 63
458 1 90 0 147 66
459 1 80 1 134 54
460 1 82 0 134 52
461 1 82 0 133 47
462 1 82 0 133 46
463 1 84 0 136 45
464 1 82 0 134 45
465 1 84 0 136 43
466 1 86 0 138 39
467 1 88 0 140 32
468 1 90 0 142 30
469 1 95 0 147 29
470 1 96 0 148 29
471 1 98 0 150 26
472 1 99 0 151 26
486 1 57 0 110 27
487 1 50 0 102 28
488 1 38 0 99 38
489 1 35 3 99 43
490 1 33 0 100 50
491 1 33 2 100 52
492 1 34 3 105 55
493 1 37 5 104 54
494 1 38 7 106 56
495 1 39 8 107 58
496 1 40 10 107 59
497 1 39 10 107 60
498 1 40 8 107 58
499 1 39 7 106 57
500 1 41 7 109 57
501 1 37 3 108 55
502 1 37 2 108 54
503 1 38 1 109 53
504 1 41 2 112 54
505 1 43 2 117 57
506 1 48 3 123 57
507 1 52 3 126 57
508 1 55 2 129 56
509 1 58 0 132 54
510 1 63 0 134 50
511 1 67 0 138 48
512 1 70 0 141 46
513 1 72 0 143 46
514 1 75 0 142 43
515 1 78 0 142 39
516 1 81 0 142 34
517 1 96 0 154 30
518 1 101 0 151 17
582 1 139 0 185 16
583 1 136 0 182 20
584 1 134 0 180 23
585 1 132 0 181 30
586 1 130 0 179 34
587 1 131 0 183 37
588 1 130 1 182 39
589 1 127 3 178 41
590 1 123 5 175 43
591 1 122 7 171 43
592 1 119 8 168 44
593 1 119 8 168 44
594 1 115 0 159 49
595 1 116 1 159 49
596 1 109 0 157 41
597 1 107 0 154 43
598 1 107 0 155 41
599 1 109 1 164 41
600 1 108 0 151 34
601 1 106 0 150 28
602 1 107 0 151 26
603 1 112 0 152 26
604 1 108 0 153 24
605 1 109 0 153 24
606 1 121 0 156 17
607 1 125 0 152 16
692 1 92 0 132 29
693 1 88 0 129 30
694 1 86 1 128 32
695 1 86 3 128 34
696 1 87 4 128 36
697 1 87 6 126 36
698 1 87 6 126 37
699 1 87 7 126 37
700 1 84 7 125 38
701 1 83 2 124 34
702 1 82 1 124 33
703 1 85 0 126 31
704 1 84 0 127 30
705 1 86 0 129 28
706 1 88 0 131 26
707 1 89 0 132 25
708 1 89 0 134 24
709 1 93 0 138 22
710 1 102 0 142 17
739 1 149 0 200 27
740 1 149 0 201 26
741 1 148 0 200 26
742 1 145 0 196 27
743 1 143 0 195 29
744 1 141 0 193 29
745 1 139 0 191 29
746 1 141 0 192 29
747 1 143 0 194 25
748 1 141 0 184 25
749 1 142 0 185 25
750 1 141 0 180 24
751 1 140 0 178 23
752 1 139 0 179 22
753 1 140 0 179 24
754 1 146 0 182 19
783 1 118 1 154 32
784 1 114 4 152 36
785 1 112 8 150 40
786 1 110 12 148 44
787 1 111 15 147 46
788 1 112 16 146 46
789 1 114 16 148 45
790 1 114 15 148 44
791 1 115 12 150 41
792 1 115 7 152 38
793 1 118 2 154 33
794 1 122 0 156 28
795 1 124 0 159 24
796 1 128 0 162 19
797 1 128 0 165 15
932 1 138 0 174 38
933 1 137 1 173 40
934 1 137 3 174 42
935 1 137 4 173 42
936 1 136 5 172 43
937 1 135 4 173 44
938 1 135 5 173 45
939 1 135 7 172 45
940 1 135 8 171 46
941 1 135 9 172 48
942 1 136 11 172 49
943 1 136 12 173 50
944 1 138 10 174 49
945 1 138 10 174 48
946 1 139 9 176 47
947 1 141 8 178 46
948 1 144 7 180 45
949 1 146 4 182 42
950 1 148 1 184 40
951 1 148 0 185 38
952 1 150 0 186 35
953 1 150 0 188 34
954 1 150 0 188 32
955 1 153 0 191 30
956 1 156 0 193 29
957 1 156 0 194 27
958 1 156 0 194 26
959 1 154 0 192 23
960 1 154 0 192 21
968 1 152 1 182 28
969 1 148 3 179 30
970 1 144 6 174 33
971 1 141 0 171 35
972 1 136 0 170 42
973 1 135 2 168 44
974 1 132 4 167 48
975 1 128 7 165 52
976 1 126 10 164 56
977 1 125 11 164 58
978 1 122 11 162 62
979 1 120 14 160 65
980 1 116 18 157 68
981 1 115 19 155 69
982 1 112 21 152 71
983 1 107 20 150 73
984 1 104 20 146 73
985 1 100 20 143 72
986 1 97 20 140 72
987 1 94 20 137 73
988 1 90 18 136 74
989 1 90 16 136 71
990 1 89 16 134 71
991 1 89 15 134 70
992 1 88 15 133 70
993 1 88 14 133 70
994 1 88 14 131 66
995 1 90 10 133 62
996 1 91 7 134 60
997 1 92 2 134 55
998 1 92 0 135 50
999 1 94 0 137 46
1000 1 96 0 139 42
1001 1 99 0 142 40
1002 1 102 0 144 37
1003 1 105 0 145 34
1004 1 109 0 150 30
1005 1 114 0 153 27
2107 1 166 0 208 22
2108 1 170 0 212 26
2109 1 179 0 221 28
2110 1 198 0 237 23
2111 1 203 0 243 24
2112 1 200 0 240 29
2113 1 197 0 237 31
2114 1 198 1 244 41
2115 1 214 5 255 44
2116 1 226 2 266 40
2117 1 232 0 272 36
2118 1 240 0 281 29
2119 1 241 0 282 25
2120 1 242 0 284 22
2121 1 238 0 280 34
2122 1 236 12 275 43
2123 1 230 17 269 48
2124 1 224 18 263 49
2125 1 218 18 257 49
2126 1 212 19 251 50
2127 1 209 20 246 50
2128 1 207 18 244 47
2129 1 203 10 241 39
2130 1 200 2 237 31
2131 1 197 0 234 20
2165 1 224 0 263 22
2166 1 224 0 262 23
2167 1 224 0 262 24
2168 1 224 0 263 26
2169 1 225 3 264 28
2170 1 227 0 266 31
2171 1 227 0 266 34
2172 1 227 1 266 38
2173 1 227 0 266 43
2174 1 228 2 267 44
2175 1 227 3 266 45
2176 1 227 5 264 46
2177 1 226 6 263 46
2178 1 225 8 262 48
2179 1 224 8 261 49
2180 1 222 8 260 48
2181 1 221 7 258 47
2182 1 220 8 257 48
2183 1 219 10 256 50
2184 1 218 12 255 52
2185 1 217 12 254 52
2186 1 216 12 253 52
2187 1 216 10 252 51
2188 1 215 8 252 48
2189 1 215 5 252 45
2190 1 215 3 252 43
2191 1 214 0 253 43
2192 1 216 0 255 41
2193 1 216 0 255 38
2194 1 216 0 256 36
2195 1 217 0 256 34
2196 1 218 0 257 31
2197 1 220 0 259 28
2198 1 221 0 260 24
2199 1 221 0 260 20
2200 1 225 0 262 17
2209 1 232 0 271 24
2210 1 231 0 270 26
2211 1 232 0 271 29
2212 1 230 2 272 32
2213 1 228 0 276 37
2214 1 229 0 277 37
2215 1 228 0 276 38
2216 1 225 0 273 41
2217 1 220 0 262 48
2218 1 218 1 260 48
2219 1 217 0 261 54
2220 1 216 3 260 57
2221 1 216 8 260 62
2222 1 215 15 259 69
2223 1 214 21 258 76
2224 1 212 26 256 80
2225 1 209 30 253 84
2226 1 206 28 252 86
2227 1 203 27 253 89
2228 1 201 32 248 90
2229 1 200 34 246 93
2230 1 198 36 245 94
2231 1 196 37 243 95
2232 1 194 37 241 95
2233 1 193 38 240 96
2234 1 193 38 240 96
2235 1 192 38 239 96
2236 1 191 38 238 96
2237 1 191 35 238 93
2238 1 190 32 237 91
2239 1 191 29 238 87
2240 1 192 26 239 84
2241 1 193 22 240 81
2242 1 193 18 240 76
2243 1 194 14 240 72
2244 1 194 11 241 69
2245 1 196 9 242 68
2246 1 197 8 244 66
2247 1 199 5 245 64
2248 1 199 4 245 62
2249 1 198 0 245 59
2250 1 198 0 245 57
2251 1 197 0 244 55
2252 1 197 0 244 53
2253 1 197 0 244 52
2254 1 196 0 244 50
2255 1 193 0 245 49
2256 1 194 0 243 46
2257 1 194 0 243 46
2258 1 194 0 244 48
2259 1 196 0 245 51
2260 1 195 0 246 55
2261 1 196 0 247 59
2262 1 195 1 247 65
2263 1 195 8 244 69
2264 1 191 10 243 75
2265 1 191 15 244 78
2266 1 191 14 245 77
2267 1 185 14 244 80
2268 1 183 16 242 82
2269 1 181 16 242 85
2270 1 180 17 241 86
2271 1 179 17 240 86
2272 1 178 18 239 87
2273 1 176 16 240 88
2274 1 175 17 239 90
2275 1 174 21 246 94
2276 1 174 23 246 96
2277 1 173 25 249 97
2278 1 175 25 243 96
2279 1 178 28 243 98
2280 1 181 28 243 96
2281 1 179 29 240 97
2282 1 178 28 240 96
2283 1 180 28 238 93
2284 1 179 27 238 92
2285 1 180 29 236 90
2286 1 181 29 237 90
2287 1 184 29 242 94
2288 1 185 29 244 94
2289 1 185 25 232 82
2290 1 180 27 227 84
2291 1 180 24 227 80
2292 1 182 21 228 77
2293 1 184 18 231 74
2294 1 187 16 232 69
2295 1 188 13 234 69
2296 1 189 12 235 69
2297 1 191 11 238 68
2298 1 192 8 239 65
2299 1 192 6 239 62
2300 1 194 6 241 63
2301 1 197 5 250 62
2302 1 197 7 250 63
2303 1 196 8 250 64
2304 1 196 9 250 65
2305 1 196 11 249 67
2306 1 196 13 249 70
2307 1 195 14 251 73
2308 1 194 16 250 75
2309 1 194 17 250 76
2310 1 192 19 251 81
2311 1 190 19 252 84
2312 1 190 20 252 86
2313 1 190 25 252 90
2314 1 187 27 249 92
2315 1 186 29 256 94
2316 1 184 29 250 94
2317 1 179 29 253 94
2318 1 177 28 247 94
2319 1 174 31 246 96
2320 1 172 33 241 98
2321 1 169 33 240 98
2322 1 166 34 238 102
2323 1 164 35 228 103
2324 1 162 35 227 104
2325 1 161 35 226 104
2326 1 160 36 225 104
2327 1 160 35 225 104
2328 1 161 34 226 103
2329 1 163 31 228 100
2330 1 165 30 230 98
2331 1 167 26 232 94
2332 1 167 21 232 89
2333 1 172 19 237 88
2334 1 173 16 238 84
2335 1 174 12 239 80
2336 1 176 8 241 77
2337 1 178 5 243 74
2338 1 179 4 244 72
2339 1 181 4 246 72
2340 1 182 4 247 72
2341 1 184 3 249 72
2342 1 184 2 250 70
2343 1 184 0 250 68
2344 1 184 0 249 66
2345 1 186 0 248 62
2346 1 188 0 250 61
2347 1 190 0 249 59
2348 1 190 0 249 58
2349 1 189 0 248 60
2350 1 189 2 248 64
2351 1 188 6 247 68
2352 1 188 10 247 72
2353 1 188 13 244 72
2354 1 186 14 242 74
2355 1 185 15 241 74
2356 1 184 16 240 75
2357 1 183 18 239 77
2358 1 178 19 244 78
2359 1 176 23 242 82
2360 1 173 25 244 84
2361 1 174 27 244 86
2362 1 170 28 243 88
2363 1 167 29 243 88
2364 1 169 30 246 89
2365 1 170 30 242 86
2366 1 170 31 242 87
2367 1 169 31 242 87
2368 1 166 32 238 88
2369 1 166 32 238 88
2370 1 165 32 238 88
2371 1 166 30 238 86
2372 1 163 26 239 86
2373 1 163 22 226 84
2374 1 162 19 225 81
2375 1 162 15 225 77
2376 1 161 11 224 73
2377 1 160 6 223 68
2378 1 160 1 223 63
2379 1 158 0 222 59
2380 1 160 0 220 55
2381 1 162 0 222 56
2382 1 165 0 225 54
2383 1 168 0 228 54
2384 1 170 0 230 51
2385 1 172 0 232 48
2386 1 172 0 232 45
2387 1 169 0 229 43
2388 1 168 0 228 40
2389 1 173 0 212 28
2390 1 173 0 212 25
2391 1 174 0 213 24
2392 1 174 0 213 23
2393 1 175 0 214 22
2394 1 175 0 214 22
2395 1 177 0 214 24
2396 1 178 0 216 27
2397 1 178 0 217 31
2398 1 179 0 216 33
2399 1 178 0 215 36
2400 1 177 1 214 40
2401 1 175 0 216 45
2402 1 173 2 216 48
2403 1 173 6 216 52
2404 1 172 8 215 57
2405 1 171 8 214 60
2406 1 169 9 213 59
2407 1 165 16 210 64
2408 1 166 17 209 63
2409 1 166 19 209 65
2410 1 164 19 209 68
2411 1 164 20 209 69
2412 1 162 23 207 72
2413 1 162 23 207 72
2414 1 161 23 206 72
2415 1 160 21 204 70
2416 1 158 19 203 68
2417 1 157 18 202 66
2418 1 156 17 201 66
2419 1 155 14 200 63
2420 1 154 11 199 60
2421 1 153 7 198 56
2422 1 153 2 198 51
2423 1 153 0 198 46
2424 1 153 0 198 43
2425 1 156 0 199 40
2426 1 158 0 200 38
2427 1 158 0 201 36
2428 1 160 0 203 36
2429 1 163 0 206 36
2430 1 167 0 208 38
2431 1 171 0 212 38
2432 1 174 0 217 41
2433 1 177 0 220 41
2434 1 180 0 223 43
2435 1 183 0 226 45
2436 1 185 0 230 47
2437 1 186 0 231 49
2438 1 187 0 235 49
2439 1 190 0 237 51
2440 1 189 1 239 55
2441 1 188 4 238 58
2442 1 186 6 238 62
2443 1 182 8 236 67
2444 1 180 13 232 70
2445 1 178 17 228 71
2446 1 175 20 225 74
2447 1 173 24 223 78
2448 1 171 27 221 81
2449 1 168 30 218 84
2450 1 166 32 216 86
2451 1 165 34 214 88
2452 1 164 38 214 92
2453 1 166 42 214 93
2454 1 165 44 212 96
2455 1 164 47 212 98
2456 1 163 50 211 102
2457 1 162 52 209 104
2458 1 160 54 207 105
2459 1 160 56 205 105
2460 1 158 57 203 106
2461 1 156 58 202 107
2462 1 155 59 200 108
2463 1 154 60 199 109
2464 1 151 63 196 112
2465 1 149 66 194 115
2466 1 148 67 193 116
2467 1 146 66 191 115
2468 1 145 62 192 114
2469 1 145 61 192 113
2470 1 145 58 193 109
2471 1 146 56 193 107
2472 1 145 54 192 105
2473 1 145 52 192 103
2474 1 144 50 192 101
2475 1 143 48 190 99
2476 1 143 47 188 96
2477 1 142 46 187 94
2478 1 141 43 186 92
2479 1 139 40 184 89
2480 1 138 38 183 87
2481 1 136 35 180 84
2482 1 136 34 182 82
2483 1 138 32 183 80
2484 1 139 30 184 79
2485 1 142 29 186 78
2486 1 149 33 192 79
2487 1 156 34 199 81
2488 1 163 34 206 81
2489 1 169 34 214 80
2490 1 174 32 219 78
2491 1 179 28 227 77
2492 1 183 24 234 73
2493 1 187 21 237 70
2494 1 190 16 243 67
2495 1 193 11 245 63
2496 1 193 8 247 60
2497 1 197 8 251 56
2498 1 199 6 254 55
2499 1 200 5 256 54
2500 1 202 2 256 51
2501 1 202 2 262 50
2502 1 202 1 264 52
2503 1 202 3 265 55
2504 1 203 6 265 58
2505 1 203 10 265 61
2506 1 206 15 255 62
2507 1 203 19 252 66
2508 1 200 21 249 68
2509 1 194 23 246 73
2510 1 190 27 242 76
2511 1 186 29 238 79
2512 1 182 31 234 81
2513 1 179 33 225 83
2514 1 177 35 223 85
2515 1 176 38 220 85
2516 1 173 37 219 86
2517 1 172 37 217 87
2518 1 170 37 216 86
2519 1 168 37 214 87
2520 1 168 35 213 85
2521 1 167 33 213 83
2522 1 167 31 213 81
2523 1 168 30 214 79
2524 1 168 27 214 76
2525 1 169 25 215 74
2526 1 171 24 224 72
2527 1 177 26 223 70
2528 1 178 26 222 69
2529 1 178 24 224 69
2530 1 179 24 225 69
2531 1 183 25 229 70
2532 1 187 25 233 70
2533 1 189 23 235 68
2534 1 192 22 238 67
2535 1 195 23 241 68
2536 1 198 26 244 71
2537 1 199 30 245 75
2538 1 198 32 246 79
2539 1 198 34 249 83
2540 1 198 38 248 88
2541 1 197 40 248 89
2542 1 195 41 248 92
2543 1 194 44 238 92
2544 1 194 47 238 95
2545 1 192 49 238 100
2546 1 191 51 238 102
2547 1 190 53 239 106
2548 1 191 57 240 110
2549 1 190 59 241 115
2550 1 190 67 238 118
2551 1 188 68 238 121
2552 1 188 70 238 123
2553 1 188 69 237 122
2554 1 188 67 237 120
2555 1 188 66 237 118
2556 1 188 64 237 117
2557 1 186 62 236 115
2558 1 186 58 238 114
2559 1 184 55 239 114
2560 1 184 55 238 114
2561 1 183 53 238 111
2562 1 184 52 236 108
2563 1 184 53 233 106
2564 1 182 52 232 104
2565 1 188 52 238 105
2566 1 189 51 238 104
2567 1 190 49 240 102
2568 1 192 46 241 99
2569 1 193 43 242 96
2570 1 194 44 242 92
2571 1 194 40 241 84
2572 1 194 37 241 81
2573 1 194 36 241 79
2574 1 195 35 242 79
2575 1 195 35 242 79
2576 1 197 35 244 79
2577 1 200 36 246 80
2578 1 203 34 246 76
2579 1 206 30 249 72
2580 1 208 26 252 68
2581 1 211 23 254 65
2582 1 215 21 258 63
2583 1 217 18 263 63
2584 1 219 17 267 63
2585 1 219 15 270 64
2586 1 220 15 270 64
2587 1 219 15 272 66
2588 1 220 16 273 68
2589 1 218 15 270 66
2590 1 218 14 270 66
2591 1 216 14 269 65
2592 1 215 13 268 65
2593 1 212 9 267 64
2594 1 209 16 260 62
2595 1 208 18 259 64
2596 1 207 19 258 65
2597 1 207 21 258 67
2598 1 207 22 258 68
2599 1 207 23 258 69
2600 1 207 23 258 69
2601 1 205 23 259 71
2602 1 198 28 264 82
2603 1 198 30 264 84
2604 1 198 32 264 86
2605 1 198 34 264 87
2606 1 198 35 254 82
2607 1 197 36 250 80
2608 1 194 33 248 79
2609 1 192 32 247 78
2610 1 199 31 246 80
2611 1 198 30 248 82
2612 1 198 32 248 83
2613 1 198 34 248 85
2614 1 198 37 248 88
2615 1 198 38 248 90
2616 1 198 40 248 91
2617 1 196 39 249 93
2618 1 196 40 249 93
2619 1 196 40 248 94
2620 1 196 38 248 92
2621 1 194 36 247 90
2622 1 194 36 247 90
2623 1 195 34 248 88
2624 1 195 33 248 87
2625 1 195 30 247 83
2626 1 195 30 247 80
2627 1 195 28 248 77
2628 1 194 24 247 73
2629 1 192 18 248 71
2630 1 195 16 250 63
2631 1 198 15 254 63
2632 1 204 15 259 63
2633 1 208 14 264 61
2634 1 210 11 266 59
2635 1 210 8 268 58
2636 1 213 8 268 56
2637 1 214 7 269 55
2638 1 213 7 271 56
2639 1 214 8 272 57
2640 1 213 8 274 60
2641 1 211 8 275 63
2642 1 210 16 267 66
2643 1 208 19 265 69
2644 1 208 23 262 70
2645 1 205 24 259 72
2646 1 202 26 256 74
2647 1 200 28 254 75
2648 1 199 29 253 77
2649 1 198 32 252 80
2650 1 197 36 244 84
2651 1 196 40 243 88
2652 1 195 46 242 93
2653 1 195 50 242 97
2654 1 194 52 242 99
2655 1 194 54 241 101
2656 1 192 54 242 104
2657 1 191 53 243 105
2658 1 191 52 243 104
2659 1 194 57 243 104
2660 1 196 59 245 107
2661 1 196 60 247 110
2662 1 197 60 248 111
2663 1 197 58 251 111
2664 1 199 59 254 112
2665 1 202 58 256 111
2666 1 205 58 259 111
2667 1 206 58 261 110
2668 1 206 55 263 110
2669 1 206 54 257 103
2670 1 205 52 257 101
2671 1 206 50 258 99
2672 1 206 49 257 98
2673 1 204 47 256 97
2674 1 202 48 253 98
2675 1 199 48 243 93
2676 1 197 45 244 94
2677 1 192 45 236 94
2678 1 188 43 232 91
2679 1 186 43 230 91
2680 1 185 44 230 92
2681 1 184 45 229 93
2682 1 186 47 228 92
2683 1 185 47 228 92
2684 1 186 48 228 93
2685 1 187 49 229 94
2686 1 188 50 230 96
2687 1 187 50 229 95
2688 1 186 48 228 94
2689 1 184 46 228 94
2690 1 182 44 229 94
2691 1 183 42 230 92
2692 1 181 40 230 93
2693 1 183 40 232 93
2694 1 180 47 229 91
2695 1 180 47 229 91
2696 1 179 48 228 92
2697 1 176 48 227 94
2698 1 174 50 225 96
2699 1 171 51 225 99
2700 1 170 53 224 102
2701 1 169 57 216 107
2702 1 166 57 213 107
2703 1 164 58 211 108
2704 1 162 61 209 111
2705 1 161 64 205 112
2706 1 160 66 204 114
2707 1 157 67 201 115
2708 1 155 68 200 115
2709 1 153 68 198 116
2710 1 150 66 197 116
2711 1 149 65 196 116
2712 1 147 63 191 109
2713 1 146 60 190 106
2714 1 145 58 189 104
2715 1 145 56 189 102
2716 1 144 55 189 101
2717 1 143 52 190 101
2718 1 143 51 189 100
2719 1 142 51 189 99
2720 1 142 49 188 97
2721 1 143 47 190 95
2722 1 144 44 190 93
2723 1 145 41 191 89
2724 1 144 36 193 86
2725 1 145 32 194 83
2726 1 148 32 197 83
2727 1 151 29 202 82
2728 1 156 27 207 81
2729 1 158 25 212 81
2730 1 158 30 207 80
2731 1 160 28 208 78
2732 1 160 25 209 75
2733 1 163 21 209 69
2734 1 163 17 210 64
2735 1 166 16 214 66
2736 1 171 20 217 68
2737 1 175 20 218 69
2738 1 176 18 219 67
2739 1 178 16 222 65
2740 1 181 16 224 65
2741 1 183 16 226 65
2742 1 184 15 227 64
2743 1 185 16 229 65
2744 1 185 19 228 68
2745 1 185 22 225 71
2746 1 184 26 224 75
2747 1 183 27 223 76
2748 1 181 28 221 77
2749 1 179 28 219 77
2750 1 178 23 219 78
2751 1 176 25 218 79
2752 1 176 27 217 82
2753 1 175 30 216 84
2754 1 172 29 215 86
2755 1 169 28 212 85
2756 1 167 26 210 83
2757 1 163 24 208 84
2758 1 160 21 207 84
2759 1 149 29 199 83
2760 1 146 31 196 86
2761 1 145 33 195 88
2762 1 145 33 195 88
2763 1 147 34 197 89
2764 1 151 39 201 94
2765 1 154 43 206 101
2766 1 160 56 211 107
2767 1 166 60 216 111
2768 1 163 65 216 119
2769 1 160 71 206 125
2770 1 155 74 201 128
2771 1 148 77 194 131
2772 1 144 80 190 134
2773 1 137 88 183 142
2774 1 132 93 178 147
2775 1 124 106 166 156
2776 1 117 112 159 162
2777 1 110 112 152 162
2778 1 98 112 142 164
2779 1 86 111 130 163
2780 1 72 117 116 170
2781 1 56 124 102 179
2782 1 34 136 81 196
2783 1 17 140 66 202
2784 1 2 140 51 203
2785 1 0 134 35 196
2788 1 294 130 320 218
2789 1 279 102 320 201
2790 1 266 58 320 182
2791 1 256 50 320 185
2792 1 244 44 320 217
2793 1 234 35 320 210
2794 1 224 38 320 204
2795 1 214 45 320 212
2796 1 204 45 320 212
2797 1 197 50 320 239
2798 1 197 50 320 240
2799 1 196 55 320 240
2800 1 188 56 320 240
2801 1 176 78 320 240
2802 1 164 78 316 240
2803 1 162 86 320 240
2804 1 165 97 320 240
2805 1 163 96 320 240
2806 1 162 96 320 240
2807 1 163 99 320 240
2808 1 165 103 320 240
2809 1 166 109 320 240
2810 1 167 112 320 240
2811 1 168 114 320 240
2812 1 166 118 320 240
2813 1 164 115 320 240
2814 1 165 108 320 240
2815 1 166 100 320 240
2816 1 166 93 320 240
2817 1 166 87 320 240
2818 1 166 81 320 240
2819 1 166 79 320 240
2820 1 166 80 320 240
2821 1 164 83 320 240
2822 1 160 81 320 240
2823 1 157 81 320 240
2824 1 157 80 320 240
2825 1 157 81 320 240
2826 1 156 81 320 240
2827 1 157 80 320 240
2828 1 157 81 320 240
2829 1 157 82 320 240
2830 1 157 82 320 240
2831 1 157 83 320 240
2832 1 156 83 320 240
2833 1 153 83 318 240
2834 1 150 80 320 240
2835 1 148 76 320 240
2836 1 146 74 319 240
2837 1 147 74 320 240
2838 1 149 75 320 240
2839 1 150 74 320 240
2840 1 150 73 320 240
2841 1 150 72 320 240
2842 1 150 71 320 240
2843 1 149 71 320 240
2844 1 147 68 320 240
2845 1 146 67 319 240
2846 1 145 67 318 240
2847 1 144 67 318 240
2848 1 144 67 317 240
2849 1 143 65 316 240
2850 1 136 61 318 240
2851 1 136 59 317 240
2852 1 134 59 319 240
2853 1 132 57 320 240
2854 1 131 55 320 240
2855 1 134 58 320 240
2856 1 134 56 319 239
2857 1 135 58 320 240
2858 1 130 50 320 240
2859 1 131 49 320 240
2860 1 130 50 320 240
2861 1 129 50 320 240
2862 1 128 50 320 240
2863 1 127 48 320 240
2864 1 128 49 320 240
2865 1 128 51 320 240
2866 1 124 49 320 240
2867 1 125 48 320 240
2868 1 130 49 320 240
2869 1 132 49 320 240
2870 1 134 49 320 240
2871 1 135 46 320 239
2872 1 137 45 320 238
2873 1 138 41 320 239
2874 1 139 40 320 239
2875 1 142 39 320 239
2876 1 145 40 320 238
2877 1 146 38 320 239
2878 1 148 39 320 239
2879 1 148 38 320 238
2880 1 148 34 320 234
2881 1 150 35 320 235
2882 1 152 35 320 235
2883 1 152 34 320 239
2884 1 150 33 320 239
2885 1 154 35 320 240
2886 1 153 34 320 240
2887 1 152 35 320 240
2888 1 152 34 320 240
2889 1 146 30 320 240
2890 1 145 28 320 240
2891 1 143 26 320 240
2892 1 142 26 320 240
2893 1 142 26 320 240
2894 1 138 27 320 240
2895 1 139 29 320 240
2896 1 138 31 320 240
2897 1 143 39 320 240
2898 1 142 40 320 240
2899 1 141 40 320 240
2900 1 141 40 320 240
2901 1 140 38 320 240
2902 1 140 35 320 240
2903 1 136 25 320 240
2904 1 136 20 320 239
2905 1 140 16 320 235
2906 1 136 9 320 239
2907 1 137 10 320 240
2908 1 139 10 320 240
2909 1 141 13 320 240
2910 1 143 16 320 240
2911 1 144 19 320 240
2912 1 152 25 320 240
2913 1 154 19 320 240
2914 1 155 23 320 240
2915 1 156 28 320 240
2916 1 156 31 320 240
2917 1 159 32 320 240
2918 1 159 37 320 240
2919 1 158 33 320 240
2920 1 159 32 320 240
2921 1 158 30 320 240
2922 1 163 30 320 240
2923 1 164 30 320 240
2924 1 166 32 320 240
2925 1 162 32 320 240
2926 1 164 34 320 240
2927 1 163 36 320 240
2928 1 162 35 320 240
2929 1 160 38 320 240
2930 1 160 39 320 240
2931 1 158 42 320 240
2932 1 155 43 320 240
2933 1 152 43 320 240
2934 1 150 45 320 240
2935 1 147 48 320 240
2936 1 145 50 320 240
2937 1 148 59 320 240
2938 1 145 62 320 240
2939 1 145 65 320 240
2940 1 144 64 320 240
2941 1 143 64 320 240
2942 1 144 64 320 240
2943 1 146 64 320 240
2944 1 146 66 320 240
2945 1 145 65 320 240
2946 1 145 66 320 240
2947 1 148 67 320 240
2948 1 151 69 320 240
2949 1 153 71 320 240
2950 1 160 70 320 240
2951 1 164 68 320 240
2952 1 171 70 320 240
2953 1 172 70 320 240
2954 1 174 67 320 240
2955 1 176 64 320 240
2956 1 176 63 320 240
2957 1 177 60 320 240
2958 1 180 60 320 240
2959 1 180 59 320 240
2960 1 181 58 320 240
2961 1 180 56 320 240
2962 1 182 56 320 240
2963 1 182 56 320 240
2964 1 184 56 320 240
2965 1 183 54 320 240
2966 1 184 55 320 240
2967 1 182 55 320 240
2968 1 183 57 320 240
2969 1 181 58 320 240
2970 1 181 63 320 240
2971 1 182 63 320 240
2972 1 181 69 320 240
2973 1 185 75 320 240
2974 1 185 74 320 240
2975 1 184 74 320 240
2976 1 184 71 320 240
2977 1 185 71 320 240
2978 1 183 69 320 240
2979 1 185 70 320 240
2980 1 185 69 320 240
2981 1 184 70 320 240
2982 1 183 72 320 240
2983 1 184 73 320 240
2984 1 184 76 320 240
2985 1 184 78 320 240
2986 1 185 81 320 240
2987 1 185 83 320 240
2988 1 185 85 320 240
2989 1 185 86 320 240
2990 1 186 86 320 240
2991 1 186 87 320 240
2992 1 186 86 320 240
2993 1 185 85 320 240
2994 1 185 84 320 240
2995 1 184 83 320 240
2996 1 183 81 320 240
2997 1 183 81 320 240
2998 1 182 79 320 240
2999 1 183 75 320 240
3000 1 183 71 320 240
3001 1 182 65 320 240
3002 1 183 65 320 240
3003 1 180 58 320 240
3004 1 186 60 320 240
3005 1 188 56 320 240
3006 1 190 52 320 240
3007 1 192 49 320 240
3008 1 199 52 320 240
3009 1 202 49 320 238
3010 1 204 48 320 237
3011 1 208 47 320 236
3012 1 209 44 320 233
3013 1 211 42 320 231
3014 1 214 39 320 228
3015 1 216 36 320 225
3016 1 217 36 320 226
3017 1 217 32 320 230
3018 1 217 32 320 230
3019 1 219 32 320 231
3020 1 224 39 320 228
3021 1 223 40 320 229
3022 1 222 39 320 228
3023 1 222 41 320 230
3024 1 221 44 320 234
3025 1 221 47 320 236
3026 1 221 51 320 240
3027 1 219 52 320 240
3028 1 216 56 320 240
3029 1 214 58 320 240
3030 1 212 60 320 240
3031 1 210 62 320 240
3032 1 202 56 320 240
3033 1 200 59 320 240
3034 1 198 60 320 240
3035 1 196 64 320 240
3036 1 194 66 320 240
3037 1 191 67 320 240
3038 1 190 70 320 240
3039 1 187 68 320 240
3040 1 186 68 320 240
3041 1 185 69 320 240
3042 1 185 67 320 240
3043 1 183 63 320 240
3044 1 183 60 320 240
3045 1 184 55 320 240
3046 1 184 48 320 240
3047 1 188 48 320 237
3048 1 188 46 320 235
3049 1 191 45 320 234
3050 1 196 45 320 234
3051 1 202 44 320 233
3052 1 207 42 320 231
3053 1 216 39 320 228
3054 1 229 36 320 226
3055 1 242 31 320 229
3055 2 0 31 50 81
3056 1 277 43 320 155
3056 2 0 27 64 81
3057 1 286 49 320 160
3057 2 0 25 74 83
3058 1 290 56 320 162
3058 2 0 20 81 78
3059 1 295 63 320 170
3059 2 0 19 84 77
3060 1 302 71 320 177
3060 2 2 20 89 78
3061 1 304 72 320 178
3061 2 5 22 92 80
3062 1 305 75 320 182
3062 2 5 23 92 81
3063 1 303 75 320 182
3063 2 2 25 89 83
3064 1 294 75 320 181
3064 2 0 27 83 88
3065 1 284 73 320 179
3065 2 0 33 74 94
3066 1 274 73 319 179
3066 2 0 39 65 100
3067 1 272 73 320 219
3067 2 0 43 58 103
3068 1 267 71 320 218
3068 2 0 48 57 108
3069 1 267 74 320 221
3069 2 0 53 56 113
3070 1 268 78 320 226
3070 2 0 55 59 116
3071 1 268 80 320 228
3071 2 0 58 60 119
3072 1 265 85 320 232
3072 2 0 60 58 120
3073 1 257 84 320 240
3073 2 0 61 50 119
3074 1 254 84 320 239
3074 2 0 60 47 117
3075 1 250 85 320 240
3075 2 0 60 45 118
3076 1 248 83 320 240
3076 2 0 62 42 119
3077 1 245 76 320 240
3077 2 0 57 39 118
3078 1 246 75 320 240
3078 2 0 57 30 103
3079 1 247 67 320 232
3079 2 0 57 32 103
3080 1 249 60 320 236
3080 2 0 56 43 102
3081 1 278 56 320 160
3081 2 0 55 63 101
3082 1 294 76 320 180
3082 2 8 59 77 105
3083 1 22 60 102 111
3084 1 44 59 123 110
3085 1 58 52 137 104
3086 1 75 46 155 97
3087 1 96 44 176 95
3088 1 120 44 199 96
3089 1 140 44 216 93
3090 1 150 43 226 92
3091 1 155 42 231 91
3092 1 158 37 234 86
3093 1 158 30 233 79
3094 1 155 15 231 63
3095 1 162 5 238 54
3096 1 168 3 244 52
3097 1 171 0 247 45
3098 1 172 0 244 33
3099 1 174 0 246 30
3100 1 189 0 261 28
3101 1 205 0 259 33
3102 1 200 0 258 26
3103 1 199 0 250 26
3104 1 194 0 246 26
3105 1 187 0 235 29
3106 1 173 0 225 39
3107 1 166 0 218 43
3108 1 161 0 213 42
3109 1 161 0 213 40
3110 1 163 0 215 36
3111 1 167 0 216 29
3112 1 168 0 218 30
3113 1 170 0 220 28
3114 1 173 0 223 28
3115 1 177 0 227 27
3116 1 185 0 234 27
3117 1 187 0 237 30
3118 1 191 0 240 36
3119 1 191 0 243 39
3120 1 190 0 243 42
3121 1 188 0 240 42
3122 1 186 0 238 39
3123 1 184 0 236 33
3124 1 181 0 228 26
3125 1 176 0 223 24
3126 1 170 0 220 23
3127 1 166 0 216 24
3128 1 160 0 209 26
3129 1 153 0 205 27
3130 1 150 0 202 26
3131 1 146 0 198 28
3132 1 145 0 194 26
3133 1 149 0 192 24
3134 1 143 0 184 19
3135 1 144 0 172 23
3136 1 146 0 169 23
3137 1 147 0 175 23
3138 1 147 0 174 22
3139 1 147 0 175 22
3140 1 149 0 174 21
3236 1 108 0 150 26
3237 1 109 0 150 29
3238 1 112 2 153 31
3239 1 114 3 157 34
3240 1 118 2 161 33
3241 1 121 0 164 29
3242 1 122 0 165 27
3243 1 123 0 166 23
3244 1 121 0 165 22
3520 1 120 0 145 31
3521 1 121 0 146 35
3522 1 121 0 146 36
3523 1 120 1 145 38
3524 1 119 1 148 42
3525 1 116 3 146 46
3526 1 113 4 143 47
3527 1 109 3 140 48
3528 1 105 4 136 49
3529 1 106 6 136 51
3530 1 107 8 140 55
3531 1 108 14 140 62
3532 1 107 18 141 68
3533 1 104 23 138 72
3534 1 101 29 135 79
3535 1 98 35 132 84
3536 1 91 38 127 90
3537 1 86 43 122 95
3538 1 84 46 120 98
3539 1 81 50 117 102
3540 1 78 53 114 105
3541 1 74 52 112 106
3542 1 70 51 108 106
3543 1 68 51 106 106
3544 1 67 50 104 105
3545 1 64 49 102 104
3546 1 62 62 94 108
3547 1 61 62 93 108
3548 1 60 61 92 107
3549 1 60 62 92 108
3550 1 60 61 94 110
3551 1 63 63 96 111
3552 1 63 63 97 111
3553 1 62 63 96 112
3554 1 60 64 94 112
3555 1 58 63 93 113
3556 1 56 64 91 115
3557 1 52 64 87 115
3558 1 49 60 84 111
3559 1 50 59 83 108
3560 1 49 55 83 104
3561 1 48 51 82 99
3562 1 48 48 81 97
3563 1 47 46 81 94
3564 1 46 44 80 92
3565 1 46 43 78 89
3566 1 45 41 77 87
3567 1 45 39 77 85
3568 1 47 38 79 84
3569 1 48 34 82 82
3570 1 50 30 85 81
3571 1 53 27 88 77
3572 1 56 22 92 73
3573 1 63 21 98 72
3574 1 68 16 104 70
3575 1 75 11 112 65
3576 1 80 6 119 62
3577 1 88 3 126 59
3578 1 95 0 134 55
3579 1 101 0 140 54
3580 1 106 0 143 49
3581 1 111 0 148 50
3582 1 115 0 152 49
3583 1 119 5 150 43
3584 1 120 2 153 42
3585 1 123 1 156 41
3586 1 126 1 159 41
3587 1 128 1 159 39
3588 1 130 1 161 39
3589 1 133 2 164 40
3590 1 136 3 167 41
3591 1 136 5 168 43
3592 1 136 6 167 44
3593 1 134 6 166 44
3594 1 132 6 164 44
3595 1 130 5 161 43
3596 1 128 4 160 42
3597 1 127 4 160 44
3598 1 127 4 160 44
3599 1 128 4 161 44
3600 1 128 6 161 46
3601 1 127 6 162 48
3602 1 128 14 160 50
3603 1 127 16 158 50
3604 1 123 16 156 52
3605 1 119 14 154 52
3606 1 117 14 151 52
3607 1 114 14 149 52
3608 1 112 16 147 53
3609 1 110 16 146 56
3610 1 110 17 146 56
3611 1 111 18 147 57
3612 1 110 18 146 58
3613 1 110 17 146 56
3614 1 110 15 146 54
3615 1 110 11 148 52
3616 1 112 15 148 54
3617 1 114 15 152 53
3618 1 113 11 151 53
3619 1 114 9 158 57
3620 1 114 5 153 41
3621 1 120 0 155 36
3622 1 121 0 156 33
3623 1 123 0 159 30
3624 1 126 0 162 28
3625 1 130 0 166 24
3635 1 141 0 175 28
3636 1 141 0 175 32
3637 1 142 0 176 35
3638 1 142 3 176 40
3639 1 140 4 175 49
3640 1 140 6 175 50
3641 1 140 7 175 52
3642 1 138 6 175 53
3643 1 137 7 174 54
3644 1 135 6 173 55
3645 1 139 13 172 56
3646 1 139 14 172 57
3647 1 136 11 171 56
3648 1 134 11 168 56
3649 1 132 9 166 54
3650 1 131 7 166 52
3651 1 128 8 163 53
3652 1 127 7 161 52
3653 1 124 4 160 52
3654 1 123 4 159 51
3655 1 122 3 159 50
3656 1 121 0 157 48
3657 1 120 0 156 45
3658 1 120 0 156 42
3659 1 118 0 156 42
3660 1 119 0 155 37
3661 1 118 0 155 31
3662 1 118 0 154 26
3677 1 95 0 143 29
3678 1 94 4 142 35
3679 1 92 5 132 45
3680 1 92 10 132 50
3681 1 91 17 131 56
3682 1 90 19 133 68
3683 1 89 27 130 74
3684 1 86 31 129 80
3685 1 84 43 124 86
3686 1 82 46 123 89
3687 1 82 49 122 92
3688 1 80 53 121 96
3689 1 77 54 118 96
3690 1 75 54 116 97
3691 1 71 54 114 99
3692 1 78 57 109 96
3693 1 76 56 106 94
3694 1 75 53 106 92
3695 1 75 50 106 88
3696 1 75 47 107 88
3697 1 76 45 108 86
3698 1 78 43 110 83
3699 1 79 40 111 81
3700 1 80 38 113 79
3701 1 82 35 114 76
3702 1 74 23 119 74
3703 1 78 22 120 71
3704 1 82 21 124 70
3705 1 86 20 129 69
3706 1 91 17 134 66
3707 1 94 13 137 62
3708 1 97 9 142 60
3709 1 100 5 146 57
3710 1 104 0 149 52
3711 1 106 0 151 46
3712 1 108 0 153 41
3713 1 108 0 154 34
3714 1 109 0 154 31
3732 1 142 0 182 30
3733 1 142 1 182 32
3734 1 140 2 182 34
3735 1 140 4 182 36
3736 1 140 5 182 37
3737 1 138 5 182 39
3738 1 136 4 182 39
3739 1 134 2 182 40
3740 1 133 4 182 42
3741 1 135 7 182 43
3742 1 135 6 181 42
3743 1 135 5 181 41
3744 1 132 2 180 40
3745 1 132 1 180 39
3746 1 132 2 178 37
3747 1 131 1 177 37
3748 1 128 0 177 38
3749 1 129 0 176 36
3750 1 130 0 176 34
3751 1 130 0 174 30
3752 1 131 0 175 29
3753 1 128 0 172 27
3770 1 156 0 200 33
3771 1 154 0 198 34
3772 1 151 4 195 38
3773 1 151 6 195 40
3774 1 151 8 195 42
3775 1 152 10 196 44
3776 1 151 13 195 47
3777 1 150 15 194 49
3778 1 148 14 192 48
3779 1 151 8 195 42
3780 1 148 2 192 36
4211 1 149 0 193 34
4212 1 152 0 196 35
4213 1 152 0 196 36
4214 1 152 1 198 41
4215 1 152 0 200 43
4216 1 152 1 200 44
4217 1 154 1 201 44
4218 1 154 1 203 46
4219 1 154 1 203 46
4220 1 156 0 205 44
4221 1 158 0 205 41
4222 1 159 0 206 38
4223 1 160 0 205 35
4224 1 162 0 205 33
4225 1 162 0 203 32
4226 1 164 0 207 32
4227 1 164 0 197 34
4228 1 166 0 199 33
4229 1 166 0 199 32
4230 1 167 0 200 31
4231 1 167 0 198 28
4232 1 167 0 198 28
4233 1 167 0 198 28
4234 1 168 0 199 29
4235 1 167 0 198 28
4236 1 166 0 198 29
4237 1 165 0 196 29
4238 1 164 0 195 27
4239 1 162 0 194 28
4240 1 162 0 193 28
4241 1 164 0 196 29
4242 1 166 0 197 28
4243 1 166 0 198 29
4244 1 166 0 197 29
4245 1 165 0 196 28
4246 1 164 0 195 29
4247 1 164 0 194 29
4248 1 166 0 195 30
4249 1 167 0 197 31
4250 1 167 0 196 31
4251 1 167 0 196 32
4252 1 164 0 216 40
4253 1 165 0 217 40
4254 1 162 0 217 47
4255 1 159 1 217 55
4256 1 160 1 217 55
4257 1 158 0 217 58
4258 1 158 1 216 59
4259 1 156 1 216 65
4260 1 154 5 215 72
4261 1 153 5 214 72
4262 1 153 8 214 75
4263 1 150 9 214 79
4264 1 150 11 213 82
4265 1 149 13 213 84
4266 1 148 14 212 85
4267 1 147 14 211 85
4268 1 148 17 208 84
4269 1 148 17 208 84
4270 1 148 17 208 84
4271 1 147 16 208 83
4272 1 148 16 208 83
4273 1 148 14 209 82
4274 1 148 12 209 79
4275 1 149 10 210 77
4276 1 143 10 204 77
4277 1 142 5 202 72
4278 1 142 1 203 68
4279 1 145 1 206 68
4280 1 146 0 206 62
4281 1 143 0 204 56
4282 1 145 0 206 52
4283 1 144 0 207 48
4284 1 142 0 203 43
4285 1 142 0 203 42
4286 1 142 0 203 38
4287 1 142 0 203 36
4305 1 164 0 198 33
4306 1 164 0 199 35
4307 1 166 0 201 38
4308 1 170 2 206 42
4309 1 169 0 227 57
4310 1 171 0 229 61
4311 1 171 0 229 64
4312 1 170 0 228 68
4313 1 168 0 226 71
4314 1 168 0 226 70
4315 1 168 0 226 71
4316 1 166 2 224 72
4317 1 165 2 223 72
4318 1 165 0 218 70
4319 1 159 0 217 70
4320 1 158 0 216 70
4321 1 157 1 214 71
4322 1 158 1 216 72
4323 1 166 0 218 74
4324 1 168 0 218 74
4325 1 168 0 219 69
4326 1 168 0 218 67
4327 1 167 0 219 64
4328 1 170 0 221 59
4329 1 171 0 222 54
4330 1 171 0 223 46
4331 1 176 0 224 39
4332 1 176 0 225 36
4333 1 176 0 224 33
4334 1 177 0 225 30
4335 1 178 0 226 29
4336 1 179 0 227 33
4337 1 183 0 230 35
4338 1 190 0 233 34
4339 1 191 0 234 38
4340 1 189 0 234 35
4341 1 190 0 234 31
4342 1 194 0 237 25
4343 1 197 0 222 16
4356 1 207 0 254 33
4357 1 208 0 256 34
4358 1 208 0 257 40
4359 1 203 0 258 43
4360 1 204 0 256 47
4361 1 199 0 252 49
4362 1 197 0 249 51
4363 1 195 1 248 55
4364 1 183 2 247 62
4365 1 178 4 242 64
4366 1 175 11 238 70
4367 1 173 12 236 72
4368 1 172 13 235 73
4369 1 169 13 232 73
4370 1 167 12 233 75
4371 1 168 14 231 74
4372 1 168 14 231 74
4373 1 168 13 232 73
4374 1 169 12 233 72
4375 1 171 10 235 70
4376 1 172 8 236 68
4377 1 173 6 236 66
4378 1 174 1 237 61
4379 1 174 0 238 57
4380 1 176 0 239 54
4381 1 176 0 240 49
4382 1 176 0 242 46
4383 1 176 0 243 43
4384 1 188 0 243 33
4385 1 190 0 247 26
4386 1 183 0 234 20
4411 1 181 0 229 21
4412 1 181 0 229 22
4413 1 179 0 227 26
4414 1 180 0 228 27
4415 1 179 0 227 33
4416 1 178 0 236 38
4417 1 178 0 238 41
4418 1 178 0 244 41
4419 1 178 0 247 41
4420 1 178 0 247 44
4421 1 178 0 248 45
4422 1 178 0 248 45
4423 1 179 0 248 45
4424 1 180 0 246 43
4425 1 180 0 227 41
4426 1 180 0 226 41
4427 1 182 0 230 41
4428 1 183 0 231 40
4429 1 183 0 229 40
4430 1 184 0 236 29
4431 1 183 0 234 31
4432 1 183 0 233 29
4433 1 184 0 233 27
4434 1 184 0 228 21
4435 1 185 0 229 19
4436 1 186 0 218 21
4437 1 186 0 219 20
4438 1 186 0 219 19
4460 1 225 0 251 27
4461 1 225 0 250 26
4462 1 208 0 250 28
4463 1 206 1 254 35
4464 1 206 1 262 39
4465 1 200 0 266 43
4466 1 198 0 263 44
4467 1 197 0 262 49
4468 1 195 0 261 50
4469 1 194 1 260 51
4470 1 192 0 258 56
4471 1 191 0 256 56
4472 1 190 0 255 55
4473 1 188 1 254 63
4474 1 189 1 255 66
4475 1 189 1 254 66
4476 1 188 0 253 65
4477 1 187 0 252 64
4478 1 187 0 253 64
4479 1 189 0 265 58
4480 1 190 0 268 60
4481 1 192 0 272 62
4482 1 192 0 274 60
4483 1 193 0 274 60
4484 1 195 0 280 57
4485 1 194 0 278 55
4486 1 195 0 278 57
4487 1 193 0 277 52
4488 1 194 0 274 46
4489 1 194 0 257 36
4490 1 194 0 239 30
4491 1 210 0 237 22
4492 1 212 0 240 20
4518 1 188 0 232 36
4519 1 188 0 232 38
4520 1 187 0 230 39
4521 1 182 0 229 47
4522 1 181 0 256 50
4523 1 178 0 253 55
4524 1 176 0 252 57
4525 1 175 0 250 57
4526 1 173 0 248 57
4527 1 172 0 248 57
4528 1 172 0 247 58
4529 1 173 0 248 59
4530 1 174 0 250 60
4531 1 174 0 250 60
4532 1 173 0 248 60
4533 1 170 0 248 62
4534 1 168 0 247 61
4535 1 168 0 246 61
4536 1 166 0 246 59
4537 1 166 0 245 58
4538 1 163 0 246 58
4539 1 161 0 244 55
4540 1 158 0 242 53
4541 1 159 0 238 48
4542 1 158 0 237 44
4543 1 154 0 217 28
4567 1 180 0 235 26
4568 1 179 0 240 34
4569 1 176 0 239 34
4570 1 167 0 250 38
4571 1 168 0 251 38
4572 1 167 0 250 38
4573 1 162 0 245 38
4574 1 162 0 245 39
4575 1 162 0 244 40
4576 1 160 0 247 42
4577 1 160 0 247 41
4578 1 161 0 248 40
4579 1 163 0 246 33
4580 1 162 0 241 32
4581 1 159 0 238 33
4582 1 162 0 256 33
4583 1 157 0 255 31
4584 1 156 0 251 30
4585 1 160 0 255 32
4586 1 175 0 269 37
4587 1 185 0 285 49
4588 1 178 0 277 39
4589 1 174 0 269 37
4590 1 184 0 279 38
4591 1 192 0 296 53
4592 1 199 0 304 53
4593 1 207 0 312 58
4594 1 206 0 310 60
4595 1 201 0 306 61
4596 1 198 0 302 59
4597 1 200 0 304 57
4598 1 205 0 310 49
4599 1 208 0 313 49
4600 1 225 0 315 38
4601 1 221 0 303 32
4602 1 217 0 299 31
4603 1 210 0 292 36
4604 1 194 0 277 48
4605 1 184 0 267 48
4606 1 189 0 276 35
4607 1 186 0 270 23
4608 1 187 0 271 24
4609 1 184 0 262 15
4623 1 175 0 216 18
4624 1 168 0 210 15
4625 1 164 0 216 18
4626 1 165 0 228 17
4627 1 160 0 222 17
4628 1 156 0 219 18
4629 1 152 0 215 17
4630 1 149 0 212 18
4631 1 148 0 211 18
4632 1 144 0 206 21
4633 1 140 0 203 22
4634 1 135 0 198 22
4635 1 134 0 196 23
4636 1 134 0 196 23
4637 1 132 0 198 23
4638 1 132 0 198 22
4639 1 132 0 198 21
4640 1 133 0 199 20
4641 1 134 0 199 21
4642 1 134 0 200 22
4643 1 134 0 202 24
4644 1 135 0 204 25
4645 1 136 0 205 24
4646 1 137 0 206 23
4647 1 142 0 214 22
4648 1 148 0 216 19
4649 1 148 0 217 24
4650 1 151 0 220 21
4651 1 147 0 220 24
4652 1 147 0 223 21
4794 1 157 0 203 16
4795 1 155 0 201 18
4796 1 152 0 198 19
4797 1 148 1 196 21
4798 1 147 3 195 23
4799 1 148 0 208 30
4800 1 146 0 208 40
4801 1 140 0 212 36
4802 1 135 0 211 38
4803 1 134 0 210 40
4804 1 130 0 207 42
4805 1 126 0 206 40
4806 1 124 0 204 37
4807 1 121 0 201 35
4808 1 120 0 200 32
4809 1 118 0 198 30
4810 1 119 0 196 27
4811 1 120 0 197 27
4812 1 122 0 195 26
4813 1 123 0 196 26
4814 1 123 0 196 27
4815 1 128 0 200 26
4816 1 131 0 200 26
4817 1 132 0 201 24
4818 1 131 0 200 24
4943 1 117 0 157 20
4944 1 116 0 163 27
4945 1 113 0 169 29
4946 1 112 0 168 29
4947 1 111 0 167 28
4948 1 111 0 167 28
4949 1 113 0 169 28
4950 1 113 0 169 29
4951 1 112 0 168 29
4952 1 109 0 168 29
4953 1 108 0 172 24
4954 1 108 0 174 26
4955 1 110 0 174 24
4956 1 117 0 167 22
4957 1 112 0 177 28
4958 1 113 0 169 28
4959 1 112 0 170 28
4960 1 122 0 171 18
4961 1 124 0 174 18
4962 1 130 0 176 16
4963 1 129 0 179 15
4964 1 128 0 172 16
4965 1 132 0 169 13
4994 1 149 0 205 20
4995 1 147 0 203 19
4996 1 150 0 217 20
4997 1 150 0 216 22
4998 1 149 0 216 28
4999 1 148 0 217 29
5000 1 146 0 216 30
5001 1 137 0 218 33
5002 1 136 0 217 33
5003 1 134 0 216 34
5004 1 133 0 214 34
5005 1 132 0 214 34
5006 1 129 0 214 36
5007 1 126 0 206 33
5008 1 126 0 209 35
5009 1 123 0 215 31
5010 1 121 0 206 33
5011 1 118 0 207 33
5012 1 116 0 210 30
5013 1 114 0 208 30
5014 1 113 0 207 27
5015 1 112 0 206 28
5016 1 108 0 203 24
5017 1 105 0 164 21
5018 1 103 0 160 21
5019 1 100 0 162 19
5020 1 120 0 154 14
5044 1 140 0 182 22
5045 1 134 0 188 28
5046 1 131 0 196 27
5047 1 130 0 199 29
5048 1 130 0 197 32
5049 1 124 0 196 34
5050 1 122 0 196 35
5051 1 117 0 227 39
5052 1 116 0 229 42
5053 1 111 0 217 38
5054 1 108 0 200 41
5055 1 107 0 198 40
5056 1 106 0 198 40
5057 1 105 0 196 38
5058 1 100 0 196 38
5059 1 99 0 202 33
5060 1 99 0 201 33
5061 1 96 0 198 28
5062 1 95 0 194 28
5063 1 91 0 189 25
5064 1 90 0 186 26
5065 1 86 0 182 29
5066 1 85 0 181 28
5067 1 83 0 158 21
5068 1 79 0 148 19
5069 1 77 0 146 18
5070 1 83 0 132 18
5071 1 82 0 129 19
5072 1 78 0 134 18
5073 1 80 0 142 21
5074 1 82 0 152 30
5075 1 90 0 159 28
5076 1 82 0 155 24
5077 1 77 0 147 24
5078 1 80 0 135 21
5079 1 79 0 136 20
5080 1 78 0 137 20
5081 1 82 0 141 20
5082 1 86 0 145 21
5083 1 91 0 147 21
5084 1 95 0 151 21
5085 1 96 0 155 21
5086 1 105 0 164 21
5087 1 111 0 167 21
5088 1 116 1 173 22
5089 1 125 0 201 24
5090 1 134 0 224 32
5091 1 137 0 234 28
5092 1 137 0 226 33
5093 1 135 0 224 25
5094 1 130 0 224 31
5095 1 127 0 221 26
5096 1 128 0 222 26
5097 1 127 0 226 34
5098 1 128 0 226 37
5099 1 128 0 226 40
5100 1 127 0 226 42
5101 1 120 0 222 54
5102 1 121 1 223 57
5103 1 119 0 221 54
5104 1 120 0 223 59
5105 1 119 2 222 61
5106 1 116 4 219 64
5107 1 113 6 216 66
5108 1 107 5 215 67
5109 1 103 4 212 66
5110 1 102 3 210 65
5111 1 101 2 210 64
5112 1 101 1 209 63
5113 1 100 0 208 62
5114 1 96 0 210 63
5115 1 94 0 208 62
5116 1 93 0 207 61
5117 1 91 0 205 60
5118 1 86 0 206 61
5119 1 84 0 203 60
5120 1 80 0 206 60
5121 1 78 0 204 60
5122 1 77 0 202 60
5123 1 75 0 200 60
5124 1 73 0 198 59
5125 1 71 0 197 58
5126 1 70 0 196 58
5127 1 72 0 192 54
5128 1 74 0 193 52
5129 1 75 0 194 51
5130 1 78 0 192 47
5131 1 80 0 189 45
5132 1 81 0 189 43
5133 1 83 0 191 41
5134 1 87 0 196 38
5135 1 93 0 201 37
5136 1 94 0 202 36
5137 1 96 0 205 37
5138 1 106 0 190 19
5139 1 108 0 192 18
5140 1 114 0 197 18
5141 1 116 0 200 17
5142 1 119 0 199 16
5143 1 120 0 199 16
5144 1 122 0 206 17
5145 1 125 0 205 16
5146 1 126 0 202 22
5147 1 126 0 199 24
5148 1 125 1 197 32
5149 1 122 0 241 44
5150 1 120 0 240 45
5151 1 118 0 238 48
5152 1 114 0 240 52
5153 1 109 0 241 56
5154 1 109 0 234 58
5155 1 106 0 232 60
5156 1 101 0 232 60
5157 1 97 0 208 59
5158 1 93 0 202 62
5159 1 84 0 208 61
5160 1 88 0 198 65
5161 1 73 0 194 64
5162 1 72 0 194 64
5163 1 66 0 194 68
5164 1 63 1 184 65
5165 1 58 0 185 67
5166 1 54 0 181 66
5167 1 48 0 182 66
5168 1 53 0 163 68
5169 1 49 0 153 69
5170 1 43 0 153 61
5171 1 42 0 176 59
5172 1 41 0 153 57
5173 1 40 0 148 54
5174 1 37 0 147 52
5175 1 41 0 143 42
5176 1 42 0 144 40
5177 1 36 0 139 36
5178 1 40 0 142 31
5179 1 40 0 136 25
5203 1 78 0 141 20
5204 1 78 0 145 24
5205 1 74 0 156 30
5206 1 74 0 165 30
5207 1 68 0 168 36
5208 1 68 0 168 37
5209 1 64 0 169 39
5210 1 66 1 157 48
5211 1 60 0 158 53
5212 1 59 1 156 54
5213 1 57 1 154 54
5214 1 54 0 152 53
5215 1 49 0 150 61
5216 1 47 0 148 61
5217 1 46 0 147 59
5218 1 44 0 145 57
5219 1 38 0 144 55
5220 1 37 0 141 48
5221 1 31 0 142 52
5222 1 34 0 143 39
5223 1 33 0 143 37
5224 1 24 0 142 37
5225 1 26 0 139 35
5226 1 20 0 135 33
5227 1 22 0 132 31
5228 1 22 0 94 24
5229 1 18 0 76 22
5230 1 14 0 69 20
5231 1 20 0 67 20
5232 1 25 0 62 20
5233 1 16 0 64 22
5234 1 22 0 66 23
5235 1 15 0 64 26
5236 1 3 0 82 26
5237 1 2 0 116 34
5238 1 2 0 116 34
5239 1 0 0 102 35
5240 1 0 0 87 43
5241 1 0 0 72 32
5242 1 0 0 68 35
5243 1 0 0 69 41
5244 1 0 4 68 45
5245 1 0 4 73 48
5246 1 1 0 78 49
5247 1 0 0 78 46
5248 1 0 0 78 43
5249 1 0 0 72 51
5250 1 0 0 68 49
5251 1 0 0 65 48
5252 1 0 0 62 49
5253 1 0 0 62 50
5254 1 0 0 61 54
5255 1 0 0 62 58
5256 1 0 0 55 52
5257 1 0 2 63 63
5258 1 0 4 64 63
5259 1 0 6 63 62
5260 1 0 0 61 44
5261 1 0 0 62 44
5262 1 0 0 62 43
5263 1 0 0 73 44
5264 1 0 0 74 44
5265 1 0 5 77 63
5266 1 0 6 78 64
5267 1 0 6 82 64
5268 1 0 3 85 76
5269 1 2 2 91 75
5270 1 0 0 98 77
5271 1 0 0 98 63
5272 1 0 0 105 62
5273 1 2 0 107 65
5274 1 6 0 111 66
5275 1 13 0 118 61
5276 1 15 0 120 66
5277 1 13 0 118 63
5278 1 11 0 116 63
5279 1 7 0 117 59
5280 1 7 0 118 58
5281 1 13 0 118 52
5282 1 19 0 119 54
5283 1 23 0 119 45
5284 1 27 0 122 42
5285 1 27 0 122 38
5286 1 26 0 122 43
5287 1 28 0 118 42
5288 1 29 0 120 35
5289 1 30 0 117 46
5290 1 27 0 118 46
5291 1 26 0 117 43
5292 1 24 0 119 39
5293 1 23 0 118 37
5294 1 22 0 95 26
5295 1 22 0 89 20
5296 1 22 0 81 18
5338 1 72 0 142 22
5339 1 72 0 143 25
5340 1 70 0 157 36
5341 1 66 0 162 37
5342 1 61 0 164 39
5343 1 59 0 162 41
5344 1 52 0 155 40
5345 1 46 0 149 39
5346 1 44 0 146 39
5347 1 37 0 140 39
5348 1 32 0 135 39
5349 1 26 0 134 40
5350 1 20 0 134 41
5351 1 19 0 132 39
5352 1 18 0 131 37
5353 1 18 0 126 36
5354 1 18 0 126 35
5355 1 18 0 126 34
5356 1 20 0 123 35
5357 1 20 0 123 36
5358 1 17 0 120 37
5359 1 15 0 118 38
5360 1 10 0 113 38
5361 1 8 0 110 38
5362 1 3 0 111 39
5363 1 0 0 108 38
5364 1 0 0 108 38
5365 1 0 0 102 35
5369 1 4 0 74 24
5370 1 6 0 76 29
5371 1 13 0 80 34
5372 1 18 0 84 37
5373 1 17 0 89 35
5374 1 20 0 90 33
5375 1 26 0 96 34
5376 1 30 0 100 35
5377 1 31 0 100 36
5378 1 32 2 102 38
5379 1 33 2 102 38
5380 1 34 0 104 36
5381 1 39 0 108 35
5382 1 40 0 110 33
5383 1 42 0 112 35
5384 1 44 0 130 41
5385 1 44 0 135 42
5386 1 44 1 135 43
5387 1 40 2 131 44
5388 1 37 3 128 45
5389 1 33 2 128 47
5390 1 33 2 128 46
5391 1 32 1 128 46
5392 1 32 0 127 45
5393 1 33 0 128 43
5394 1 36 0 131 43
5395 1 42 0 137 43
5396 1 45 0 140 42
5397 1 49 0 140 42
5398 1 50 0 141 42
5399 1 51 0 142 42
5400 1 52 0 142 42
5401 1 53 0 144 42
5402 1 54 0 144 42
5403 1 55 0 146 42
5404 1 56 0 147 42
5405 1 58 0 148 42
5406 1 58 0 148 42
5407 1 58 0 148 41
5408 1 58 0 149 41
5409 1 60 0 146 39
5410 1 59 0 145 38
5411 1 58 0 145 37
5412 1 56 0 147 37
5413 1 56 0 147 35
5414 1 55 0 146 34
5415 1 54 0 144 33
5416 1 52 0 142 33
5417 1 49 0 140 31
5418 1 46 0 136 31
5419 1 43 0 134 31
5420 1 42 0 119 29
5421 1 48 0 114 27
5422 1 48 0 104 24
5423 1 49 0 101 22
5424 1 40 0 102 23
5425 1 44 0 106 23
5426 1 47 0 125 24
5427 1 47 0 108 24
5428 1 52 0 119 25
5429 1 57 0 122 26
5430 1 59 0 122 27
5431 1 57 0 121 27
5432 1 52 0 116 27
5433 1 44 0 113 29
5434 1 39 0 109 30
5435 1 34 0 101 32
5436 1 27 0 97 33
5437 1 24 0 93 34
5438 1 22 0 96 34
5439 1 19 0 91 32
5440 1 16 0 85 32
5441 1 16 0 84 29
5442 1 18 0 84 28
5443 1 18 0 87 32
5444 1 16 0 91 38
5445 1 13 0 108 39
5446 1 14 0 109 42
5447 1 12 0 107 58
5448 1 14 0 109 62
5449 1 8 2 103 67
5450 1 2 4 102 72
5451 1 0 4 99 75
5452 1 0 1 98 72
5453 1 0 0 96 65
5454 1 0 0 91 61
5455 1 0 0 86 56
5456 1 0 0 82 51
5457 1 0 0 83 48
5458 1 0 0 80 45
5459 1 0 0 77 42
5460 1 0 0 73 39
5461 1 0 0 68 38
5462 1 1 0 72 31
5463 1 1 0 72 29
5464 1 2 0 72 28
5465 1 0 0 66 29
5466 1 0 0 55 26
5467 1 0 0 61 29
5468 1 0 0 60 28
5469 1 0 0 73 30
5470 1 0 1 71 34
5471 1 0 0 79 39
5472 1 0 0 82 43
5473 1 0 0 84 48
5474 1 0 0 86 49
5475 1 0 0 88 50
5476 1 1 0 89 50
5477 1 1 0 89 51
5478 1 0 0 91 52
5479 1 2 0 87 52
5480 1 1 3 86 51
5481 1 0 1 84 49
5482 1 0 1 80 47
5483 1 0 0 76 46
5484 1 0 0 74 45
5485 1 0 0 75 46
5486 1 0 0 73 45
5487 1 0 0 70 35
5488 1 0 0 74 31
5489 1 0 0 75 30
5490 1 0 0 76 28
5491 1 0 0 65 24
5492 1 0 0 42 20
5747 1 50 0 107 22
5748 1 49 0 106 24
5749 1 49 0 120 38
5750 1 49 0 142 46
5751 1 57 0 145 53
5752 1 57 2 146 58
5753 1 60 7 148 63
5754 1 62 11 150 67
5755 1 63 15 151 71
5756 1 62 14 151 77
5757 1 64 16 152 79
5758 1 60 17 148 80
5759 1 54 19 143 82
5760 1 48 16 137 83
5761 1 42 14 119 84
5762 1 31 11 109 81
5763 1 21 9 99 78
5764 1 9 5 87 75
5765 1 0 4 76 74
5766 1 0 1 72 78
5767 1 0 1 62 75
5768 1 0 0 54 76
5769 1 0 0 46 75
5770 1 0 0 46 75
5771 1 0 0 32 75
5772 1 0 1 34 77
5773 1 0 0 33 75
5774 1 0 0 22 70
5775 1 0 0 18 64
5776 1 0 0 20 64
5777 1 0 0 19 64
5778 1 0 0 25 64
5779 1 0 0 41 68
5780 1 0 0 45 67
5781 1 0 0 50 67
5782 1 1 0 64 67
5783 1 2 0 64 64
5784 1 0 0 61 64
5785 1 0 0 72 53
5786 1 3 0 76 52
5787 1 6 0 88 43
5788 1 13 0 95 42
5789 1 22 0 103 44
5790 1 24 0 105 42
5791 1 29 0 110 40
5792 1 35 0 116 37
5793 1 39 0 120 36
5794 1 40 0 122 32
5816 1 36 0 99 22
5817 1 31 0 94 22
5818 1 31 0 94 24
5819 1 29 0 92 24
5820 1 16 0 88 27
5821 1 17 0 88 27
5822 1 13 0 85 28
5823 1 9 0 81 30
5824 1 7 0 78 32
5825 1 7 0 71 34
5826 1 7 0 66 35
5827 1 3 0 62 34
5828 1 0 0 57 34
5829 1 0 0 53 36
5830 1 0 0 49 35
5831 1 0 0 48 36
5832 1 0 0 47 37
5833 1 0 0 46 38
5834 1 0 0 45 40
5835 1 0 0 43 39
5836 1 0 0 46 37
5837 1 0 0 50 34
5838 1 0 0 46 31
5839 1 0 0 50 26
5840 1 0 0 50 23
5841 1 0 0 51 20
