1 1 124 102 158 186
1 2 192 98 227 153
1 3 226 92 285 187
2 1 124 101 158 186
2 2 191 98 227 153
2 3 225 91 285 187
3 1 123 100 158 189
3 2 192 99 227 153
3 3 225 91 284 186
4 1 123 101 158 190
4 2 192 99 227 153
4 3 225 90 284 186
5 1 123 101 158 190
5 2 192 99 227 153
5 3 226 90 285 185
6 1 123 102 158 190
6 2 192 99 228 153
6 3 226 89 285 185
7 1 123 102 159 190
7 2 192 100 228 154
7 3 226 90 286 185
8 1 124 104 158 188
8 2 193 100 228 154
8 3 227 90 287 185
9 1 125 103 159 188
9 2 194 100 229 154
9 3 228 89 288 185
10 1 126 101 160 186
10 2 195 100 230 154
10 3 230 88 289 184
11 1 127 100 161 185
11 2 198 99 237 146
11 3 231 86 291 181
12 1 128 99 162 184
12 2 199 98 238 144
12 3 233 84 292 180
13 1 129 99 163 183
13 2 200 95 242 141
13 3 232 78 295 178
14 1 129 95 164 184
14 2 201 93 243 140
14 3 234 76 298 176
15 1 129 91 166 184
15 2 202 92 244 138
15 3 234 74 299 174
16 1 130 91 167 184
16 2 203 91 245 137
16 3 234 72 302 172
17 1 130 89 169 187
17 2 204 90 245 136
17 3 235 71 304 171
18 1 131 90 170 188
18 2 205 90 247 137
18 3 236 71 305 171
19 1 132 91 171 190
19 2 206 91 248 138
19 3 238 71 306 171
20 1 132 92 172 190
20 2 207 92 249 138
20 3 240 71 308 172
21 1 132 91 174 194
21 2 207 92 249 138
21 3 240 72 309 172
22 1 132 91 174 194
22 2 211 93 252 139
22 3 241 72 309 172
23 1 134 93 173 191
23 2 210 92 252 139
23 3 242 71 310 172
24 1 134 93 173 192
24 2 211 93 251 138
24 3 241 71 309 171
25 1 134 93 173 192
25 2 211 93 251 138
25 3 240 70 309 170
26 1 134 93 173 191
26 2 208 86 250 137
26 3 241 68 309 169
27 1 134 93 173 192
27 2 208 85 250 137
27 3 240 67 308 168
28 1 133 92 172 190
28 2 207 84 249 136
28 3 239 66 308 166
29 1 132 92 172 190
29 2 206 84 248 136
29 3 238 65 306 165
30 1 131 91 170 189
30 2 205 83 247 135
30 3 234 62 306 167
31 1 129 88 170 192
31 2 203 83 244 134
31 3 233 62 304 167
32 1 127 86 170 194
32 2 202 83 244 135
32 3 232 60 304 172
33 1 126 86 170 194
33 2 202 89 242 134
33 3 230 60 302 173
34 1 126 85 164 185
34 2 202 89 242 133
34 3 234 73 310 183
35 1 126 86 163 186
35 2 202 90 242 134
35 3 236 71 311 182
36 1 126 87 164 187
36 2 202 91 242 135
36 3 236 72 312 182
37 1 127 88 165 188
37 2 205 93 244 138
37 3 241 74 316 185
38 1 130 89 168 189
38 2 208 95 247 140
38 3 243 76 318 186
39 1 134 90 171 190
39 2 212 96 252 140
39 3 246 77 320 187
40 1 136 90 174 190
40 2 215 96 254 140
40 3 250 76 320 186
41 1 140 91 178 191
41 2 220 97 264 149
41 3 258 77 320 187
42 1 142 94 188 189
42 2 224 100 273 152
42 3 263 78 320 189
43 1 145 95 191 190
43 2 229 102 278 154
43 3 269 80 320 191
44 1 149 96 194 191
44 2 232 103 278 157
44 3 274 91 320 188
45 1 151 97 196 192
45 2 229 108 287 161
45 3 277 100 320 188
46 1 274 109 320 191
46 2 153 101 198 196
46 3 230 114 289 169
47 1 282 138 320 206
47 2 148 112 209 198
47 3 235 129 294 184
48 1 294 150 320 211
48 2 154 118 214 203
48 3 240 138 310 192
49 1 163 123 223 208
49 2 252 150 320 205
50 1 170 128 230 213
50 2 260 166 320 226
51 1 183 130 240 215
51 2 272 162 320 220
52 1 192 116 249 202
52 2 279 163 320 223
53 1 293 186 320 226
53 2 205 108 261 193
54 1 213 101 269 187
55 1 222 97 275 178
56 1 226 89 279 170
57 1 227 83 283 168
58 1 226 84 285 173
59 1 240 80 302 174
60 1 245 72 310 171
61 1 257 59 320 152
62 1 271 49 320 141
63 1 275 38 320 130
64 1 277 23 320 115
65 1 281 7 320 99
66 1 282 0 320 84
67 1 280 0 320 78
68 1 276 0 320 72
69 1 270 0 320 68
70 1 266 0 312 63
71 1 261 0 304 58
72 1 254 0 298 52
73 1 249 0 288 44
74 1 242 0 279 40
75 1 239 0 276 39
76 1 236 0 273 39
77 1 239 0 267 32
78 1 238 0 268 34
79 1 240 0 270 35
80 1 241 0 272 37
81 1 242 0 273 35
82 1 242 0 270 32
83 1 226 0 256 34
84 1 216 0 244 44
84 2 283 7 320 63
85 1 211 0 238 46
85 2 278 0 320 59
86 1 205 0 232 46
86 2 265 0 320 60
87 1 197 0 224 47
87 2 255 0 320 57
88 1 189 0 218 48
88 2 251 1 320 56
89 1 185 0 213 49
89 2 245 0 316 50
90 1 180 0 206 48
90 2 243 0 312 52
91 1 178 0 203 47
91 2 238 0 305 48
92 1 175 0 201 42
92 2 237 0 301 41
93 1 180 0 199 35
93 2 228 0 295 31
94 1 180 0 198 32
94 2 227 0 290 26
95 1 180 0 199 30
95 2 232 0 292 22
96 1 180 0 199 26
96 2 232 0 292 12
97 1 180 0 199 23
98 1 180 0 201 30
99 1 186 0 201 20
106 1 243 0 294 19
107 1 247 0 298 19
108 1 0 239 21 240
108 2 242 0 292 19
109 1 245 0 296 21
110 1 247 0 298 18
111 1 245 0 296 24
112 1 245 0 296 25
113 1 245 0 296 24
114 1 242 0 295 24
115 1 244 0 297 23
116 1 244 0 300 26
117 1 243 0 300 26
118 1 246 0 305 24
119 1 248 0 308 24
120 1 252 0 313 25
121 1 196 0 212 7
121 2 252 0 315 30
122 1 196 0 211 8
122 2 253 0 317 30
123 1 190 0 205 9
123 2 247 0 313 34
124 1 178 0 201 21
124 2 213 0 311 52
125 1 175 0 197 22
125 2 212 0 305 51
126 1 172 2 195 24
126 2 211 2 300 51
127 1 167 0 193 30
127 2 203 0 296 58
128 1 167 3 192 35
128 2 200 0 288 70
129 1 147 0 213 40
129 2 201 2 289 74
130 1 146 0 215 45
130 2 200 0 316 81
131 1 146 5 216 50
131 2 218 0 319 84
132 1 227 4 320 79
132 2 150 0 212 60
133 1 228 6 320 81
133 2 152 1 214 62
134 1 228 11 320 86
134 2 155 4 217 65
135 1 232 16 320 88
135 2 158 6 220 67
136 1 238 16 320 88
136 2 172 6 224 67
137 1 244 14 320 86
137 2 176 6 228 67
138 1 251 13 320 85
138 2 183 6 234 66
139 1 256 10 320 86
139 2 188 4 240 65
140 1 259 12 320 88
140 2 191 4 242 65
141 1 261 15 320 90
141 2 193 6 245 67
142 1 260 18 320 97
142 2 195 9 246 70
143 1 260 20 320 100
143 2 196 11 248 72
144 1 261 23 320 103
144 2 196 13 248 74
145 1 260 24 320 104
145 2 196 16 248 76
146 1 257 25 320 104
146 2 195 16 246 77
147 1 253 22 320 105
147 2 194 15 245 76
148 1 250 21 320 104
148 2 191 14 243 75
149 1 245 21 320 104
149 2 189 13 240 74
150 1 244 22 320 106
150 2 188 12 240 73
151 1 243 22 320 106
151 2 188 13 240 74
152 1 243 24 320 107
152 2 188 12 239 73
153 1 245 27 320 106
153 2 187 12 241 76
154 1 249 31 320 107
154 2 190 16 242 77
155 1 253 32 320 108
155 2 194 17 246 78
156 1 256 31 320 110
156 2 197 16 251 80
157 1 259 32 320 111
157 2 201 14 255 78
158 1 264 34 320 109
158 2 205 14 259 78
159 1 266 36 320 112
159 2 209 15 263 79
160 1 267 37 320 113
160 2 211 14 265 78
161 1 269 39 320 115
161 2 213 15 267 79
162 1 274 43 320 115
162 2 215 17 269 81
163 1 274 44 320 116
163 2 217 18 271 82
164 1 276 47 320 116
164 2 217 19 271 83
165 1 273 48 320 117
165 2 216 20 270 84
166 1 272 47 320 116
166 2 214 18 268 82
167 1 265 44 320 116
167 2 211 16 265 80
168 1 262 39 320 115
168 2 209 16 263 80
169 1 258 36 320 111
169 2 205 14 259 78
170 1 255 34 320 109
170 2 202 12 256 76
171 1 252 34 320 110
171 2 201 12 255 76
172 1 250 35 320 114
172 2 200 13 255 77
173 1 250 35 320 114
173 2 201 13 255 77
174 1 250 36 320 115
174 2 200 11 257 78
175 1 250 36 320 116
175 2 201 11 258 78
176 1 252 33 320 116
176 2 204 12 260 79
177 1 255 32 320 115
177 2 207 11 264 78
178 1 260 30 320 113
178 2 211 8 268 76
179 1 263 30 320 113
179 2 216 9 270 73
180 1 264 31 320 114
180 2 219 9 273 72
181 1 266 32 320 115
181 2 221 9 275 73
182 1 266 33 320 116
182 2 223 9 277 73
183 1 266 34 320 118
183 2 224 10 278 73
184 1 269 37 320 116
184 2 224 10 278 73
185 1 267 35 320 115
185 2 223 9 278 73
186 1 263 32 320 112
186 2 220 6 274 70
187 1 260 31 320 106
187 2 216 3 270 67
188 1 258 25 320 100
188 2 213 0 268 64
189 1 253 29 320 98
189 2 211 0 265 60
190 1 249 31 320 99
190 2 208 0 263 59
191 1 246 31 320 100
191 2 208 0 262 58
192 1 245 30 320 99
192 2 207 0 262 56
193 1 245 29 320 98
193 2 207 0 261 55
194 1 246 25 320 97
194 2 208 0 262 55
195 1 247 28 320 97
195 2 211 0 263 54
196 1 250 27 320 98
196 2 214 0 266 54
197 1 252 27 320 97
197 2 218 0 269 53
198 1 255 30 320 96
198 2 222 0 273 53
199 1 259 31 320 97
199 2 225 0 277 52
200 1 262 27 320 95
200 2 228 0 280 52
201 1 226 0 280 44
201 2 259 20 320 100
202 1 233 0 282 42
202 2 255 16 320 105
203 1 234 0 281 40
203 2 257 28 320 98
204 1 235 0 281 42
204 2 255 28 320 95
205 1 234 0 279 39
205 2 245 25 320 92
206 1 230 0 277 36
206 2 248 26 320 93
207 1 226 0 274 34
207 2 247 16 320 87
208 1 222 0 270 30
208 2 242 9 320 80
209 1 218 0 266 21
209 2 238 0 320 74
210 1 223 0 256 19
210 2 237 0 320 74
211 1 230 0 320 65
212 1 227 0 320 67
213 1 237 0 320 59
214 1 236 0 320 66
215 1 248 0 320 60
216 1 254 0 320 52
217 1 266 0 320 54
218 1 264 0 320 62
219 1 269 0 320 62
220 1 274 0 320 67
221 1 273 2 320 80
222 1 288 0 320 71
223 1 281 0 320 74
224 1 283 0 320 73
225 1 282 0 320 73
226 1 280 0 320 74
227 1 268 0 320 70
228 1 271 0 320 63
229 1 267 0 320 65
230 1 255 0 320 63
231 1 248 0 320 60
232 1 254 0 320 55
233 1 244 0 320 61
234 1 240 0 320 65
235 1 237 0 320 56
236 1 236 0 320 55
237 1 230 0 320 63
238 1 241 0 320 63
239 1 237 0 320 67
240 1 232 0 320 70
241 1 231 0 320 70
242 1 229 0 320 72
243 1 231 0 320 72
244 1 230 0 320 71
245 1 233 0 320 70
246 1 233 0 320 72
247 1 232 0 320 73
248 1 231 0 320 74
249 1 228 0 320 77
250 1 223 0 320 76
251 1 217 0 320 78
252 1 213 0 320 77
253 1 208 0 320 76
254 1 203 0 320 73
255 1 198 0 320 72
256 1 194 0 320 71
257 1 189 0 320 78
258 1 184 1 320 78
259 1 182 5 320 82
260 1 178 8 320 85
261 1 177 12 319 89
262 1 177 17 319 94
263 1 178 23 320 100
263 2 193 0 248 25
264 1 183 29 318 102
264 2 198 0 256 28
265 1 187 34 320 104
265 2 199 0 257 31
266 1 189 37 318 107
266 2 202 0 259 39
267 1 190 42 318 112
267 2 200 0 260 53
268 1 187 43 320 116
268 2 200 0 260 53
269 1 187 45 320 118
269 2 204 0 264 55
270 1 182 43 320 120
270 2 203 0 263 55
271 1 178 44 320 121
271 2 202 0 262 55
272 1 176 44 318 121
272 2 201 0 261 54
273 1 176 43 306 111
273 2 196 0 260 56
274 1 170 39 307 110
274 2 193 0 256 41
275 1 166 37 296 105
275 2 192 0 252 39
276 1 164 36 294 104
276 2 196 0 240 32
277 1 160 38 290 106
277 2 193 0 237 33
278 1 156 41 286 109
278 2 191 0 235 35
279 1 152 46 288 117
279 2 189 2 241 50
280 1 152 55 288 126
280 2 189 11 241 58
281 1 149 65 292 139
281 2 192 21 244 68
282 1 155 72 280 148
282 2 198 28 250 76
283 1 162 86 293 180
283 2 210 42 265 91
284 1 184 114 308 206
284 2 223 61 282 111
285 1 200 120 320 236
285 2 245 83 305 125
286 1 202 129 320 207
286 2 265 89 320 131
287 1 214 119 320 220
287 2 278 96 320 138
288 1 224 121 320 234
289 1 248 138 320 213
319 1 286 141 320 207
320 1 276 129 320 195
321 1 252 127 320 194
322 1 254 112 320 208
323 1 246 105 320 192
324 1 243 99 320 186
325 1 243 93 320 180
326 1 246 88 320 175
327 1 247 82 320 169
328 1 244 74 320 166
329 1 242 69 320 160
330 1 243 63 320 154
331 1 243 58 320 149
332 1 243 54 320 146
333 1 244 50 320 142
334 1 241 47 320 138
335 1 240 50 320 141
336 1 243 47 320 138
337 1 232 45 320 128
338 1 232 44 320 126
339 1 231 44 320 126
340 1 230 44 320 126
341 1 230 42 320 125
342 1 231 43 320 125
343 1 230 42 320 124
344 1 230 40 320 123
345 1 230 39 320 121
346 1 224 37 320 127
347 1 220 33 320 127
348 1 220 31 320 125
349 1 219 28 320 122
350 1 219 25 320 119
351 1 220 24 320 113
352 1 218 21 320 111
353 1 215 20 320 114
354 1 216 20 320 114
355 1 216 23 320 117
356 1 210 28 320 127
357 1 210 19 320 113
358 1 198 35 320 129
359 1 187 54 320 139
360 1 179 67 314 152
361 1 165 90 317 170
361 2 290 14 320 95
362 1 159 103 304 179
362 2 281 20 320 104
363 1 155 113 293 186
363 2 275 22 320 107
364 1 147 120 284 193
364 2 262 30 320 123
365 1 148 129 279 198
365 2 261 33 320 130
366 1 137 131 275 204
366 2 252 35 316 131
367 1 118 136 256 209
367 2 230 46 290 137
368 1 106 141 243 214
368 2 215 54 275 145
369 1 95 149 233 222
369 2 204 63 265 155
370 1 94 156 232 229
370 2 205 72 266 163
371 1 76 160 233 236
371 2 204 79 264 171
372 1 74 163 224 235
372 2 200 85 261 177
373 1 67 166 224 240
373 2 200 97 257 184
374 1 64 171 221 240
374 2 199 103 256 191
375 1 63 173 220 240
375 2 198 105 256 193
376 1 62 172 220 240
376 2 199 104 256 192
377 1 62 171 219 240
377 2 197 101 257 193
378 1 62 168 197 240
378 2 199 100 260 192
379 1 62 162 198 238
379 2 200 96 264 193
380 1 67 150 204 240
380 2 207 88 271 184
381 1 73 139 210 236
381 2 215 78 278 175
382 1 77 136 214 232
382 2 221 75 284 172
383 1 87 127 217 219
383 2 228 68 292 164
384 1 87 126 218 217
384 2 231 64 295 161
385 1 87 124 218 216
385 2 234 65 294 156
386 1 87 123 217 215
386 2 234 64 295 156
387 1 86 118 228 214
387 2 233 64 294 156
388 1 82 115 232 216
388 2 234 63 295 155
389 1 86 117 228 213
389 2 236 62 296 154
390 1 87 119 230 215
390 2 235 60 299 156
391 1 88 121 230 217
391 2 237 62 301 158
392 1 87 120 236 220
392 2 241 62 305 158
393 1 91 124 240 224
393 2 245 61 312 162
394 1 92 124 242 224
394 2 247 58 317 164
395 1 99 127 241 223
395 2 251 57 320 164
396 1 102 129 244 225
396 2 255 57 320 163
397 1 103 131 245 227
397 2 257 57 320 163
398 1 105 131 255 223
398 2 256 59 320 160
399 1 106 132 256 224
399 2 258 57 320 158
400 1 105 134 255 226
400 2 259 58 320 165
401 1 108 132 258 224
401 2 259 60 320 169
402 1 108 132 258 224
402 2 258 62 320 170
403 1 107 133 257 225
403 2 258 62 320 169
404 1 106 131 256 224
404 2 258 61 320 168
405 1 108 130 251 218
405 2 257 58 320 165
406 1 107 126 249 214
406 2 256 53 320 160
407 1 101 120 251 212
407 2 254 51 320 158
408 1 100 116 250 208
408 2 254 47 320 154
409 1 99 113 249 205
409 2 253 45 320 152
410 1 99 111 248 203
410 2 253 44 320 151
411 1 97 109 246 202
411 2 252 44 320 151
412 1 96 108 246 200
412 2 251 43 320 150
413 1 95 109 245 201
413 2 251 44 320 151
414 1 98 109 240 196
414 2 251 43 320 150
415 1 99 111 241 198
415 2 252 45 320 152
416 1 102 112 238 196
416 2 253 45 320 152
417 1 103 115 239 199
417 2 254 47 320 154
418 1 105 119 241 203
418 2 255 48 320 156
419 1 103 120 246 208
419 2 257 50 320 157
420 1 104 122 247 210
420 2 260 52 320 159
421 1 110 123 246 206
421 2 271 60 320 161
422 1 114 122 249 206
422 2 275 61 320 162
423 1 111 120 254 208
423 2 278 62 320 163
424 1 112 120 254 207
424 2 282 63 320 164
425 1 113 118 255 206
425 2 284 65 320 166
426 1 112 117 254 205
426 2 284 66 320 167
427 1 111 116 253 204
427 2 284 66 320 167
428 1 105 111 255 203
428 2 283 66 320 167
429 1 106 112 249 200
429 2 281 66 320 167
430 1 103 110 246 198
430 2 279 67 320 168
431 1 98 106 247 198
431 2 279 64 320 165
432 1 95 104 245 196
432 2 278 66 320 167
433 1 93 103 243 195
433 2 277 67 320 168
434 1 92 102 242 194
434 2 277 67 320 168
435 1 90 101 240 193
435 2 277 67 320 168
436 1 89 100 239 192
436 2 278 61 320 162
437 1 89 99 239 191
437 2 277 61 320 162
438 1 89 100 238 192
438 2 278 62 320 163
439 1 87 99 237 191
439 2 278 63 320 164
440 1 90 103 215 192
440 2 279 68 320 164
441 1 90 103 214 192
441 2 279 70 320 166
442 1 93 106 211 191
442 2 281 71 320 167
443 1 94 107 212 192
443 2 282 72 320 168
444 1 94 108 213 193
444 2 285 73 320 169
445 1 99 111 211 204
445 2 294 76 320 172
446 1 101 113 213 206
446 2 299 72 320 172
447 1 103 115 216 208
447 2 302 68 320 164
448 1 106 116 218 209
448 2 308 82 320 156
449 1 108 116 221 209
449 2 311 92 320 122
450 1 110 117 223 210
451 1 110 116 228 214
452 1 111 118 229 216
453 1 112 120 230 218
454 1 112 121 230 218
455 1 116 119 250 214
456 1 115 119 249 214
457 1 113 119 247 214
458 1 112 117 246 212
459 1 107 115 248 214
460 1 106 114 247 213
461 1 107 114 241 208
462 1 103 110 244 210
463 1 102 108 243 208
464 1 100 107 234 187
465 1 100 106 233 186
466 1 99 106 232 186
467 1 98 107 232 186
468 1 98 107 232 187
469 1 98 108 231 187
470 1 98 110 232 189
471 1 102 114 229 189
472 1 102 117 229 192
473 1 106 122 227 194
474 1 109 126 230 198
475 1 110 128 231 200
476 1 115 122 234 210
477 1 116 124 235 212
478 1 118 125 237 214
479 1 122 128 236 212
480 1 125 128 238 212
481 1 127 129 240 213
482 1 128 129 241 214
483 1 129 130 243 214
484 1 128 128 235 216
485 1 128 128 235 216
486 1 128 128 235 217
487 1 129 128 236 216
488 1 129 128 236 217
489 1 128 128 235 217
490 1 126 128 233 216
491 1 122 125 234 218
492 1 122 127 228 216
493 1 126 124 227 213
494 1 123 122 225 211
495 1 120 121 222 209
496 1 117 119 218 208
497 1 113 118 214 206
498 1 111 116 213 204
499 1 108 116 210 204
500 1 106 116 207 204
501 1 104 111 206 214
502 1 103 111 205 214
503 1 102 112 204 215
504 1 101 114 204 217
505 1 101 116 204 219
506 1 102 116 215 218
507 1 103 118 215 216
508 1 104 120 218 220
509 1 105 121 218 219
510 1 106 119 222 215
511 1 108 118 223 215
512 1 108 118 223 214
513 1 109 118 224 214
514 1 112 120 222 212
515 1 113 121 222 213
516 1 113 122 222 213
517 1 112 122 222 213
518 1 111 120 221 211
519 1 109 119 218 211
520 1 109 120 218 212
521 1 108 122 218 213
522 1 106 123 216 214
523 1 102 120 216 216
524 1 100 118 215 214
525 1 101 112 203 207
526 1 101 110 202 205
527 1 98 107 205 207
528 1 98 107 205 206
529 1 98 106 205 206
530 1 100 108 202 203
531 1 100 108 202 203
532 1 106 111 191 202
533 1 106 112 192 202
534 1 104 108 194 204
535 1 104 107 194 202
536 1 105 106 195 201
537 1 108 106 198 202
538 1 109 104 198 199
539 1 109 101 199 196
540 1 108 99 202 199
541 1 105 96 204 201
542 1 104 94 203 199
543 1 104 92 195 189
544 1 101 89 197 190
545 1 100 88 196 189
546 1 99 86 196 187
547 1 101 87 192 183
548 1 98 84 194 184
549 1 98 83 194 184
550 1 98 82 194 182
551 1 99 83 203 179
552 1 99 83 203 178
553 1 99 86 203 181
554 1 100 87 203 182
555 1 100 89 204 184
556 1 102 89 206 185
557 1 104 92 203 182
558 1 105 91 204 182
559 1 106 90 204 181
560 1 105 91 204 182
561 1 107 92 201 178
562 1 106 89 200 175
563 1 104 101 198 170
564 1 99 98 193 167
565 1 102 120 191 166
571 1 100 75 187 154
572 1 98 78 188 161
573 1 104 77 195 160
574 1 107 80 198 162
575 1 113 83 204 165
576 1 120 85 211 167
577 1 124 83 220 170
578 1 128 82 224 168
579 1 134 75 229 161
580 1 134 74 230 160
581 1 137 72 232 158
582 1 139 71 234 158
583 1 139 68 239 159
584 1 142 69 237 155
585 1 144 66 239 152
586 1 146 63 241 150
587 1 147 57 242 144
588 1 149 55 244 142
589 1 152 51 252 142
590 1 156 50 256 141
591 1 160 54 260 145
592 1 162 56 267 151
593 1 165 60 270 156
594 1 170 67 285 157
595 1 176 70 290 160
596 1 180 71 295 161
597 1 184 72 298 161
598 1 190 72 304 161
599 1 191 71 311 165
600 1 194 73 320 172
601 1 196 79 320 165
602 1 193 79 320 165
603 1 185 78 311 164
604 1 180 80 307 165
605 1 178 82 304 168
606 1 176 84 303 170
607 1 178 84 304 169
608 1 178 82 305 168
609 1 178 82 305 168
610 1 180 81 306 166
611 1 179 81 306 167
612 1 179 81 306 167
613 1 178 81 305 167
614 1 179 82 305 167
615 1 179 83 306 168
616 1 184 87 304 169
617 1 189 81 300 161
618 1 195 84 306 166
619 1 199 83 315 170
620 1 203 82 319 168
621 1 211 82 320 169
622 1 216 81 320 168
623 1 219 82 320 172
624 1 223 83 320 174
625 1 223 79 320 174
626 1 226 76 320 171
627 1 231 74 320 165
628 1 234 72 320 162
629 1 234 65 320 156
630 1 236 57 320 148
631 1 237 49 320 139
632 1 234 40 320 135
633 1 226 29 320 129
634 1 226 14 320 113
635 1 223 0 320 99
636 1 224 0 320 92
637 1 224 0 320 85
638 1 226 0 320 80
639 1 227 0 320 78
640 1 229 0 320 76
641 1 228 0 320 75
642 1 230 0 320 77
643 1 230 0 320 79
644 1 226 0 320 82
645 1 225 0 320 89
646 1 223 0 320 93
647 1 218 0 320 92
648 1 220 0 320 85
649 1 218 0 320 79
650 1 214 0 320 77
651 1 222 0 320 80
652 1 231 0 320 84
653 1 237 0 320 88
654 1 244 0 320 89
655 1 246 0 320 90
656 1 248 0 320 96
657 1 250 0 320 100
658 1 250 0 320 99
659 1 255 14 320 94
660 1 252 20 320 100
