5 1 0 0 39 41
6 1 0 0 53 81
7 1 0 0 58 132
8 1 0 0 58 149
9 1 0 9 58 162
10 1 0 16 57 165
11 1 0 19 58 169
12 1 0 33 64 182
13 1 0 47 75 194
14 1 0 48 76 199
15 1 0 51 82 201
16 1 0 49 79 197
17 1 0 39 85 189
18 1 0 22 112 240
19 1 50 14 163 234
20 1 116 11 223 212
20 2 0 69 98 240
21 1 161 0 282 208
21 2 0 39 146 240
22 1 182 0 303 209
22 2 0 38 171 240
23 1 199 0 320 213
23 2 11 64 193 240
24 1 212 0 320 211
24 2 25 59 208 240
25 1 227 0 320 213
25 2 39 50 222 240
26 1 233 0 320 204
26 2 0 38 235 240
27 1 233 0 320 205
27 2 0 27 253 240
28 1 240 0 320 194
28 2 0 24 265 240
29 1 249 0 320 177
29 2 0 25 275 240
30 1 254 1 320 112
30 2 0 18 293 240
31 1 255 0 320 110
31 2 0 22 297 240
32 1 262 3 320 112
32 2 2 22 304 240
33 1 262 3 320 112
33 2 4 24 307 240
34 1 266 3 320 112
34 2 6 25 309 240
35 1 270 12 320 115
35 2 9 29 311 240
36 1 277 19 320 122
36 2 14 35 316 240
37 1 280 27 320 130
37 2 15 39 317 240
38 1 279 34 320 143
38 2 16 46 318 240
39 1 277 71 320 146
39 2 16 46 319 240
40 1 280 82 320 156
40 2 17 45 319 240
41 1 282 94 320 169
41 2 20 46 320 240
42 1 284 106 320 181
42 2 20 50 320 240
43 1 284 115 320 190
43 2 18 48 320 240
44 1 280 100 320 192
44 2 13 45 315 240
45 1 278 92 320 192
45 2 2 42 304 240
46 1 264 0 320 189
46 2 0 36 288 240
47 1 254 0 320 191
47 2 0 27 274 240
48 1 241 0 320 192
48 2 0 23 264 240
49 1 235 0 320 191
49 2 0 23 256 240
50 1 231 0 320 190
50 2 0 20 250 240
51 1 230 0 320 189
51 2 0 19 250 240
52 1 231 0 320 188
52 2 0 15 253 240
53 1 232 0 320 190
53 2 0 26 250 240
54 1 234 4 320 196
54 2 0 30 250 240
55 1 232 0 320 194
55 2 0 32 254 240
56 1 228 0 320 194
56 2 0 35 239 240
57 1 226 0 320 194
57 2 0 34 239 240
58 1 221 0 320 193
58 2 0 41 230 240
59 1 215 0 320 189
59 2 0 43 218 240
60 1 219 0 320 173
60 2 0 36 206 240
61 1 202 0 320 159
61 2 0 17 192 240
62 1 183 0 302 166
62 2 0 19 176 240
63 1 149 0 253 165
63 2 0 0 142 240
64 1 121 0 225 165
64 2 0 0 117 240
65 1 85 0 195 172
66 1 56 0 184 166
67 1 32 0 175 159
68 1 9 0 167 148
69 1 0 0 162 151
70 1 0 0 152 151
71 1 0 1 143 156
72 1 0 0 133 121
73 1 0 0 128 101
74 1 0 0 126 89
75 1 0 0 122 91
76 1 0 0 115 87
77 1 0 0 108 95
78 1 0 0 108 86
79 1 0 0 104 81
80 1 0 0 103 82
81 1 0 0 102 91
82 1 0 0 102 91
83 1 0 0 106 94
84 1 0 0 109 98
85 1 0 0 113 102
86 1 0 0 118 106
87 1 0 0 120 111
88 1 0 0 118 121
89 1 0 0 117 130
90 1 1 0 117 135
91 1 0 0 115 138
92 1 0 12 113 152
93 1 0 20 111 160
94 1 0 26 110 165
95 1 0 31 110 161
96 1 0 30 112 160
97 1 0 32 118 152
98 1 0 34 120 154
99 1 0 31 124 157
100 1 0 34 131 160
101 1 0 43 137 159
102 1 0 45 142 155
103 1 0 46 150 162
104 1 0 50 158 165
105 1 0 52 169 168
106 1 0 57 176 181
107 1 9 58 186 193
108 1 26 57 195 202
109 1 33 55 202 210
110 1 52 51 210 216
111 1 61 48 217 213
112 1 71 45 226 210
113 1 86 33 234 205
114 1 98 25 259 190
114 2 0 132 19 212
115 1 109 14 265 173
115 2 0 124 36 210
116 1 116 8 282 181
116 2 0 124 48 237
117 1 121 1 298 180
117 2 0 124 60 240
118 1 141 0 312 186
118 2 0 130 71 240
119 1 150 0 320 195
119 2 0 128 82 240
120 1 0 127 90 240
120 2 161 0 320 206
121 1 2 127 98 240
121 2 169 0 320 208
122 1 7 127 104 240
122 2 175 0 320 209
123 1 11 126 108 240
123 2 179 0 320 206
124 1 15 127 112 240
124 2 179 0 320 204
125 1 17 126 114 240
125 2 180 0 320 202
126 1 19 126 116 239
126 2 185 0 320 202
127 1 20 125 117 238
127 2 184 0 320 202
128 1 17 122 119 240
128 2 183 0 320 180
129 1 17 122 118 240
129 2 182 0 320 172
130 1 16 121 118 240
130 2 180 0 320 158
131 1 14 119 115 238
131 2 179 0 320 149
132 1 10 117 111 236
132 2 177 0 320 149
133 1 6 115 107 234
133 2 173 0 320 160
134 1 0 113 102 232
134 2 168 0 320 172
135 1 0 113 97 232
135 2 164 0 320 177
136 1 0 113 92 240
136 2 160 0 319 182
137 1 0 112 86 239
137 2 151 0 320 176
138 1 0 111 80 238
138 2 145 0 317 177
139 1 0 111 70 232
139 2 146 0 308 163
140 1 0 103 59 224
140 2 136 0 299 153
141 1 0 100 46 220
141 2 128 0 288 142
142 1 116 0 277 128
142 2 0 97 37 177
143 1 0 89 20 169
143 2 97 0 260 136
144 1 90 0 255 139
145 1 73 0 235 135
146 1 73 0 228 153
147 1 60 0 224 149
148 1 58 0 206 151
149 1 61 0 188 147
150 1 65 0 183 151
151 1 80 0 190 153
152 1 95 0 198 157
152 2 0 176 71 240
153 1 109 0 204 148
153 2 32 191 95 240
154 1 124 0 218 135
154 2 61 185 119 240
155 1 85 173 140 240
155 2 142 0 206 115
155 3 0 22 80 240
156 1 104 163 162 240
156 2 156 0 219 108
156 3 0 8 103 238
157 1 123 152 179 240
157 2 176 0 224 89
157 3 0 0 128 240
158 1 141 144 199 240
158 2 199 0 245 76
158 3 0 0 146 240
159 1 159 142 217 240
159 2 220 0 264 68
159 3 0 0 160 238
160 1 177 146 235 238
160 2 227 0 288 67
160 3 0 13 178 240
161 1 195 152 253 240
161 2 249 0 311 61
161 3 9 19 194 240
162 1 211 159 270 240
162 2 270 0 320 61
162 3 0 25 209 240
163 1 226 165 284 240
163 2 284 0 308 60
163 3 0 29 221 240
164 1 235 172 293 240
164 2 290 0 320 57
164 3 0 33 226 240
165 1 240 173 298 240
165 2 299 0 320 53
165 3 0 32 230 240
166 1 244 173 302 240
166 2 301 0 320 53
166 3 1 31 232 240
167 1 245 172 306 240
167 2 303 0 320 54
167 3 5 29 236 240
168 1 246 170 307 240
168 2 303 0 320 57
168 3 0 26 244 240
169 1 247 170 308 240
169 2 310 8 320 44
169 3 0 26 245 240
170 1 245 172 306 240
170 2 314 14 320 41
170 3 0 25 245 240
171 1 242 172 304 240
171 2 310 0 320 46
171 3 0 27 245 240
172 1 240 174 301 240
172 2 298 0 320 27
172 3 0 27 246 240
173 1 238 173 299 240
173 2 294 0 320 29
173 3 0 30 245 240
174 1 234 173 296 240
174 2 286 0 320 32
174 3 0 29 245 240
175 1 233 173 294 240
175 2 282 0 316 33
175 3 0 22 251 240
176 1 232 174 293 240
176 2 279 0 314 38
176 3 0 24 249 240
177 1 231 173 292 240
177 2 276 0 311 41
177 3 0 25 249 240
178 1 230 172 291 240
178 2 274 0 309 44
178 3 0 20 249 240
179 1 227 170 288 240
179 2 272 0 306 42
179 3 0 19 249 240
180 1 225 167 286 240
180 2 269 0 303 40
180 3 0 16 247 240
181 1 225 163 286 240
181 2 268 0 302 33
181 3 0 31 247 240
182 1 224 161 286 240
182 2 269 0 304 31
182 3 0 28 246 240
183 1 224 159 285 240
183 2 271 0 306 27
183 3 0 27 242 240
184 1 224 158 285 240
184 2 275 0 309 27
184 3 0 28 241 240
185 1 226 159 287 240
185 2 279 0 320 24
185 3 0 34 233 240
186 1 228 160 290 240
186 2 286 0 320 25
186 3 0 36 231 240
187 1 226 164 287 240
187 2 292 0 320 46
187 3 0 38 228 240
188 1 221 169 282 240
188 2 294 0 320 52
188 3 0 41 224 240
189 1 217 179 275 240
189 2 276 1 320 62
189 3 0 46 220 240
190 1 214 188 272 240
190 2 271 6 319 70
190 3 0 51 218 240
191 1 212 193 270 240
191 2 270 0 319 78
191 3 0 50 222 240
192 1 209 195 270 240
192 2 268 1 319 85
192 3 0 54 222 240
193 1 208 196 269 240
193 2 271 0 320 79
193 3 0 54 222 240
194 1 210 194 271 240
194 2 270 0 320 81
194 3 0 54 223 240
195 1 210 195 272 240
195 2 270 1 320 86
195 3 0 54 224 240
196 1 211 195 272 240
196 2 271 6 320 90
196 3 0 60 217 240
197 1 212 194 273 240
197 2 268 0 320 76
197 3 0 61 217 240
198 1 212 193 273 240
198 2 270 0 320 79
198 3 0 60 215 240
199 1 211 191 272 240
199 2 260 0 320 82
199 3 0 58 215 240
200 1 210 188 271 240
200 2 260 0 320 76
200 3 0 50 221 240
201 1 209 185 270 240
201 2 260 0 320 78
201 3 0 46 222 240
202 1 261 0 320 69
202 2 210 181 266 240
202 3 0 44 221 240
203 1 259 0 320 69
203 2 210 180 266 240
203 3 0 41 222 240
204 1 255 0 293 47
204 2 210 179 266 240
204 3 0 39 221 240
205 1 253 0 285 40
205 2 209 180 265 240
205 3 0 38 221 240
206 1 247 0 283 40
206 2 208 180 264 240
206 3 0 40 222 240
207 1 246 0 320 42
207 2 207 181 263 240
207 3 0 41 222 240
208 1 244 0 320 40
208 2 206 181 261 240
208 3 0 42 222 240
209 1 240 0 320 45
209 2 204 181 259 240
209 3 0 43 222 240
210 1 238 0 320 49
210 2 202 180 258 240
210 3 0 44 222 240
211 1 236 0 320 46
211 2 200 179 256 240
211 3 0 44 221 240
212 1 236 0 320 47
212 2 199 179 254 239
212 3 0 45 221 240
213 1 229 0 320 74
213 2 197 177 252 238
213 3 0 45 221 240
214 1 230 0 320 74
214 2 195 175 251 236
214 3 0 44 220 240
215 1 235 0 320 53
215 2 195 173 250 234
215 3 0 44 220 240
216 1 236 0 320 53
216 2 194 170 250 231
216 3 0 42 220 240
217 1 237 0 320 46
217 2 194 168 249 229
217 3 0 41 221 240
218 1 237 0 320 44
218 2 190 170 246 230
218 3 0 40 221 240
219 1 237 0 320 45
219 2 185 171 244 235
219 3 0 40 221 240
220 1 244 0 320 46
220 2 182 172 243 239
220 3 0 39 221 240
221 1 243 0 320 45
221 2 181 171 245 240
221 3 0 37 221 240
222 1 241 0 320 46
222 2 181 172 245 240
222 3 0 39 220 240
223 1 239 0 320 45
223 2 181 173 245 240
223 3 0 40 220 240
224 1 234 0 320 47
224 2 182 175 244 240
224 3 0 41 218 240
225 1 228 0 320 48
225 2 180 178 242 240
225 3 0 41 216 240
226 1 224 0 320 49
226 2 179 178 241 240
226 3 0 42 215 240
227 1 242 0 292 51
227 2 179 180 240 240
227 3 0 43 214 240
228 1 236 0 292 50
228 2 182 184 240 240
228 3 0 43 212 240
229 1 237 0 294 52
229 2 183 186 245 240
229 3 0 44 210 240
230 1 241 0 297 53
230 2 185 187 246 240
230 3 0 45 208 240
231 1 248 0 305 50
231 2 185 188 246 240
231 3 0 45 205 240
232 1 235 0 294 50
232 2 189 187 248 240
232 3 0 45 204 240
233 1 238 0 297 51
233 2 190 186 249 240
233 3 0 45 200 240
234 1 233 0 293 47
234 2 192 185 251 240
234 3 0 43 199 240
235 1 230 0 299 46
235 2 195 184 253 240
235 3 0 43 199 240
236 1 283 0 304 35
236 2 198 183 256 240
236 3 0 45 196 240
237 1 244 0 313 46
237 2 200 180 258 240
237 3 0 45 197 240
238 1 259 0 320 46
238 2 202 178 261 240
238 3 0 49 190 240
239 1 203 175 264 240
239 2 0 49 191 240
240 1 204 174 265 240
240 2 0 52 190 240
241 1 205 172 266 238
241 2 0 51 190 240
242 1 205 171 266 237
242 2 0 52 190 240
243 1 205 170 266 236
243 2 0 60 184 240
244 1 204 168 265 235
244 2 0 61 184 240
245 1 202 168 263 234
245 2 0 62 183 240
246 1 200 166 261 233
246 2 0 65 182 240
247 1 200 167 258 231
247 2 0 67 182 240
248 1 198 166 256 240
248 2 0 65 188 240
249 1 196 164 255 240
249 2 0 66 187 240
250 1 193 162 251 240
250 2 0 66 187 240
251 1 191 158 249 240
251 2 0 67 188 240
252 1 189 156 247 240
252 2 0 70 188 240
253 1 186 153 245 238
253 2 0 67 189 240
254 1 183 150 242 240
254 2 0 67 189 240
255 1 180 146 239 240
255 2 0 64 189 240
256 1 178 144 236 240
256 2 0 62 189 240
257 1 176 141 235 240
257 2 0 60 190 240
258 1 176 138 234 238
258 2 0 61 189 240
259 1 176 136 235 236
259 2 0 62 189 240
260 1 179 135 237 240
260 2 0 61 189 240
261 1 181 133 240 240
261 2 0 62 190 240
262 1 185 132 244 240
262 2 0 64 191 240
263 1 187 128 248 240
263 2 0 62 192 240
264 1 190 127 251 240
264 2 0 61 191 240
265 1 193 129 255 240
265 2 0 61 192 240
266 1 197 130 259 240
266 2 0 61 192 240
267 1 199 128 260 240
267 2 0 61 191 240
268 1 201 130 263 240
268 2 0 62 191 240
269 1 204 131 265 240
269 2 0 63 191 240
270 1 206 130 268 240
270 2 0 64 190 240
271 1 206 128 267 240
271 2 0 61 190 240
272 1 204 120 278 240
272 2 0 58 189 240
273 1 201 115 276 238
273 2 0 35 199 240
274 1 192 111 269 237
274 2 0 28 194 240
275 1 181 107 258 232
275 2 0 25 184 240
276 1 164 101 241 227
276 2 0 22 170 240
277 1 154 102 213 202
277 2 0 0 142 240
278 1 130 100 189 200
278 2 0 0 113 240
279 1 104 100 162 200
280 1 70 100 132 190
281 1 37 100 102 195
282 1 0 115 68 209
283 1 0 114 44 208
284 1 0 114 44 208
334 1 0 0 44 64
335 1 0 1 50 70
336 1 0 1 54 78
337 1 0 0 60 86
338 1 0 0 64 87
339 1 0 0 72 93
340 1 0 0 74 95
341 1 0 0 74 94
342 1 0 0 78 101
343 1 0 0 80 108
344 1 0 5 81 114
345 1 0 5 86 120
346 1 0 6 90 121
347 1 0 2 92 117
348 1 0 2 92 124
349 1 0 0 92 125
350 1 0 0 92 132
351 1 0 0 92 140
352 1 0 0 91 145
353 1 0 0 91 145
354 1 0 0 91 148
355 1 0 0 92 148
356 1 0 0 92 141
357 1 0 0 93 130
358 1 0 0 95 127
359 1 0 0 98 124
360 1 0 0 99 125
361 1 0 0 100 125
362 1 0 0 101 127
363 1 0 0 104 131
364 1 0 0 106 132
365 1 0 0 113 139
366 1 0 0 115 136
367 1 0 0 119 131
368 1 0 0 122 134
369 1 0 0 127 122
370 1 0 0 130 124
371 1 0 0 134 123
372 1 8 0 138 90
373 1 13 0 143 88
374 1 15 0 145 85
375 1 17 0 147 88
376 1 18 0 148 92
377 1 19 0 149 99
378 1 19 0 149 97
379 1 21 0 151 95
380 1 20 0 150 91
381 1 37 0 137 93
382 1 44 0 128 90
383 1 51 0 139 87
384 1 51 0 140 89
385 1 57 0 145 87
386 1 70 0 161 74
387 1 78 0 171 76
388 1 81 0 175 80
389 1 86 0 180 85
390 1 92 0 185 91
391 1 112 0 176 97
392 1 119 0 187 96
393 1 123 0 192 94
394 1 126 0 195 92
395 1 131 0 199 89
396 1 134 0 202 86
397 1 138 0 206 84
398 1 142 0 210 80
399 1 144 0 212 77
400 1 147 0 215 62
401 1 150 0 218 52
401 2 0 134 33 188
402 1 150 0 218 38
402 2 0 138 40 212
403 1 154 0 223 36
403 2 0 111 47 231
404 1 167 0 232 36
404 2 0 104 52 225
405 1 176 0 241 32
405 2 1 102 57 223
406 1 213 0 255 38
406 2 0 100 56 221
407 1 218 0 264 38
407 2 0 98 60 240
408 1 222 0 268 37
408 2 0 100 60 235
409 1 224 0 270 37
409 2 0 97 60 232
410 1 224 0 270 36
410 2 0 96 60 231
411 1 224 0 270 24
411 2 0 92 57 227
412 1 219 0 268 17
412 2 0 86 56 228
413 1 217 0 266 6
413 2 0 83 51 225
414 1 0 78 47 220
415 1 175 0 226 13
415 2 0 74 45 217
416 1 176 0 229 15
416 2 0 72 42 214
417 1 178 0 234 20
417 2 0 65 42 214
418 1 181 0 237 28
418 2 0 62 40 211
419 1 181 0 237 33
419 2 0 60 39 209
420 1 181 0 222 41
420 2 0 54 38 211
421 1 180 0 219 42
421 2 0 59 31 174
422 1 184 0 216 44
422 2 0 80 22 152
423 1 167 0 223 43
423 2 0 74 15 147
424 1 158 0 214 38
425 1 153 0 212 30
426 1 150 0 191 22
427 1 150 0 174 18
428 1 122 0 177 6
