644 1 117 110 184 240
644 2 206 118 270 178
645 1 118 112 185 240
645 2 200 126 270 181
646 1 119 115 186 240
646 2 201 131 272 178
647 1 119 117 186 240
647 2 202 134 271 179
648 1 119 114 189 240
648 2 200 137 268 182
649 1 121 118 187 240
649 2 202 138 276 180
650 1 119 116 186 240
650 2 195 138 274 180
651 1 118 119 182 240
651 2 192 138 271 180
652 1 116 119 179 240
652 2 188 139 267 181
653 1 114 119 178 240
653 2 186 139 269 183
654 1 112 122 176 240
654 2 188 144 260 188
655 1 112 124 176 240
655 2 188 146 259 190
656 1 112 129 176 240
656 2 187 148 258 192
657 1 113 134 173 240
657 2 185 150 257 194
658 1 119 141 179 240
658 2 184 148 255 192
659 1 117 139 178 240
659 2 183 147 254 191
660 1 118 132 181 240
660 2 182 143 254 187
661 1 116 126 177 228
661 2 181 139 253 183
662 1 116 117 177 219
662 2 180 130 252 174
663 1 116 111 178 213
663 2 182 126 254 170
664 1 114 107 178 214
664 2 185 122 246 158
665 1 115 105 179 212
665 2 185 122 246 158
666 1 114 106 178 213
666 2 186 122 247 158
667 1 116 106 180 213
667 2 187 123 248 159
668 1 118 104 182 212
668 2 189 122 250 158
669 1 125 103 189 210
669 2 190 121 251 157
670 1 127 96 200 203
670 2 191 118 252 154
671 1 127 95 200 202
671 2 190 117 251 153
672 1 128 94 201 201
672 2 192 118 250 152
673 1 128 95 201 202
673 2 187 118 247 151
674 1 124 97 198 204
674 2 183 119 243 151
675 1 122 106 194 197
675 2 182 118 242 151
676 1 121 104 193 195
676 2 178 118 239 151
677 1 122 104 193 194
677 2 179 118 239 151
678 1 127 105 198 195
678 2 182 120 239 151
679 1 128 104 199 194
679 2 184 119 239 148
680 1 124 99 187 169
680 2 179 114 244 151
681 1 122 100 185 170
681 2 178 114 242 151
682 1 118 100 180 170
682 2 173 115 238 151
683 1 116 99 178 169
683 2 170 115 234 151
684 1 111 98 173 168
684 2 163 114 231 152
685 1 108 98 171 168
685 2 161 113 228 151
686 1 106 97 169 167
686 2 158 114 223 150
687 1 105 97 167 167
687 2 159 115 220 149
688 1 103 97 165 167
688 2 156 114 221 151
689 1 102 96 165 166
689 2 155 115 220 151
690 1 100 96 162 166
690 2 154 116 215 151
691 1 100 97 162 167
691 2 151 116 216 152
692 1 99 102 165 175
692 2 151 122 216 158
693 1 100 106 164 180
693 2 153 126 218 162
694 1 96 106 163 183
694 2 148 127 216 165
695 1 94 108 161 185
695 2 146 127 214 165
696 1 90 109 154 173
696 2 143 129 208 165
697 1 88 109 152 174
697 2 140 130 202 165
698 1 87 109 151 174
698 2 139 131 200 165
699 1 85 108 152 176
699 2 138 131 199 166
700 1 84 106 151 174
700 2 136 129 197 163
701 1 82 112 132 156
701 2 133 126 194 161
702 1 73 108 123 152
702 2 124 120 186 155
703 1 65 103 117 149
703 2 119 119 180 153
704 1 34 99 86 145
704 2 98 114 159 148
705 1 19 99 71 145
705 2 89 113 150 147
706 1 10 95 62 141
706 2 78 112 142 148
707 1 6 95 59 141
707 2 74 114 138 150
708 1 0 99 59 145
708 2 68 118 133 154
709 1 0 100 56 146
709 2 66 120 130 156
710 1 0 102 55 148
710 2 65 120 130 156
711 1 0 101 55 147
711 2 64 121 129 157
712 1 0 102 55 148
712 2 66 121 130 157
713 1 0 103 56 149
713 2 66 122 131 158
714 1 0 105 60 151
714 2 70 123 134 159
715 1 6 105 66 151
715 2 66 122 131 158
716 1 16 107 75 153
716 2 76 124 141 160
717 1 30 115 90 161
717 2 86 124 151 160
718 1 40 115 100 161
718 2 101 124 165 160
719 1 64 116 106 156
719 2 110 124 175 160
720 1 72 110 112 145
720 2 115 117 179 153
721 1 77 107 116 142
721 2 118 110 183 146
722 1 85 103 124 138
722 2 128 106 192 142
723 1 89 102 128 137
723 2 134 106 198 142
724 1 91 104 130 139
724 2 134 108 199 144
725 1 92 108 130 142
725 2 134 112 199 148
726 1 94 115 134 151
726 2 139 119 203 155
727 1 95 119 136 155
727 2 142 122 206 158
728 1 98 122 138 159
728 2 142 128 206 164
729 1 98 123 138 160
729 2 142 130 206 166
730 1 99 126 138 161
730 2 140 129 204 165
731 1 99 127 138 162
731 2 139 129 204 165
732 1 102 129 142 163
732 2 140 128 205 164
733 1 104 129 143 163
733 2 144 127 204 162
734 1 105 129 146 166
734 2 147 127 206 162
735 1 105 130 146 166
735 2 148 127 207 162
736 1 104 129 147 167
736 2 149 128 208 162
737 1 104 127 147 165
737 2 149 126 209 161
738 1 107 127 150 165
738 2 150 125 212 161
739 1 108 128 151 166
739 2 152 125 214 162
740 1 108 132 151 170
740 2 152 129 212 164
741 1 108 134 151 172
741 2 154 131 211 164
742 1 108 135 151 174
742 2 157 132 211 164
743 1 108 135 150 173
743 2 156 133 213 166
744 1 109 134 142 166
744 2 157 133 214 166
745 1 110 134 144 166
745 2 161 134 215 165
746 1 114 133 147 165
746 2 164 135 218 166
747 1 114 134 147 166
747 2 165 136 219 167
748 1 113 137 146 169
748 2 164 136 220 169
749 1 113 138 146 170
749 2 164 138 218 169
750 1 114 140 147 172
750 2 165 138 219 169
751 1 114 141 149 174
751 2 168 138 222 169
752 1 120 143 155 176
752 2 172 139 226 171
753 1 122 142 157 175
753 2 176 139 230 170
754 1 126 136 161 170
754 2 179 137 230 167
755 1 128 134 164 169
755 2 178 129 230 159
756 1 133 132 172 168
756 2 180 128 234 159
801 1 171 112 208 144
801 2 262 103 320 240
802 1 168 116 206 147
802 2 258 107 320 240
803 1 167 118 204 150
803 2 255 109 320 240
804 1 164 122 202 153
804 2 252 110 320 240
805 1 164 122 202 153
805 2 251 110 320 240
806 1 164 120 201 151
806 2 250 106 320 240
807 1 163 117 201 148
807 2 248 103 320 240
808 1 162 113 200 144
808 2 245 96 320 240
809 1 163 110 200 142
809 2 244 93 320 240
810 1 162 106 200 138
810 2 244 89 320 240
811 1 161 103 196 138
811 2 242 85 320 240
812 1 159 100 194 134
812 2 241 80 320 240
813 1 158 97 194 133
813 2 240 77 320 240
814 1 154 90 192 128
814 2 234 69 320 240
815 1 150 89 190 128
815 2 230 63 320 240
816 1 148 91 188 131
816 2 225 66 320 240
817 1 144 95 177 136
817 2 225 70 320 240
818 1 144 104 177 145
818 2 226 82 320 240
819 1 142 108 175 149
819 2 223 83 320 240
820 1 141 113 174 154
820 2 224 91 320 240
821 1 142 115 175 156
821 2 222 92 320 240
822 1 142 117 174 158
822 2 222 94 320 240
823 1 142 116 175 149
823 2 223 94 320 240
824 1 143 114 176 147
824 2 225 95 320 240
825 1 142 114 175 147
825 2 224 98 320 240
826 1 140 120 173 153
826 2 221 106 320 240
827 1 140 124 173 157
827 2 221 110 320 240
828 1 142 127 175 160
828 2 222 116 320 240
829 1 153 131 194 165
829 2 223 115 320 240
830 1 226 112 320 240
831 1 228 111 320 240
832 1 220 108 320 240
833 1 150 118 192 152
833 2 225 106 320 240
834 1 152 118 181 152
834 2 123 117 150 145
834 3 227 106 320 240
835 1 152 117 181 152
835 2 123 117 150 145
835 3 225 103 320 240
836 1 153 117 182 152
836 2 124 117 151 146
836 3 227 102 320 240
837 1 154 117 183 152
837 2 125 118 151 146
837 3 226 103 320 240
838 1 127 121 152 147
838 2 227 103 320 240
839 1 226 106 320 240
840 1 226 109 320 240
841 1 225 111 320 240
842 1 222 111 320 240
843 1 154 118 183 153
843 2 127 122 152 148
843 3 223 108 320 240
844 1 154 117 184 152
844 2 127 121 152 147
844 3 223 105 320 240
845 1 155 116 184 151
845 2 128 121 153 147
845 3 223 104 320 240
846 1 155 116 184 150
846 2 128 119 154 146
846 3 220 105 320 240
847 1 156 114 185 149
847 2 128 117 154 144
847 3 220 102 320 240
848 1 155 111 179 141
848 2 128 115 153 141
848 3 219 97 320 240
849 1 153 105 177 134
849 2 126 109 151 135
849 3 218 91 320 240
850 1 152 101 176 131
850 2 124 105 149 131
850 3 216 87 320 240
851 1 151 89 176 120
851 2 124 92 149 118
851 3 212 74 320 240
852 1 152 81 177 112
852 2 124 86 149 112
852 3 209 62 320 240
853 1 153 69 178 100
853 2 126 68 150 94
853 3 223 44 320 240
854 1 155 62 180 93
854 2 126 64 150 90
854 3 223 39 320 240
855 1 160 52 185 83
855 2 130 52 155 78
855 3 229 26 320 230
856 1 163 47 188 78
856 2 134 47 158 73
856 3 229 18 320 240
857 1 165 44 190 79
857 2 137 43 161 69
857 3 232 20 320 240
858 1 166 43 191 78
858 2 138 42 162 68
858 3 230 14 320 240
859 1 166 42 192 77
859 2 138 40 163 66
859 3 229 13 320 240
860 1 166 42 191 77
860 2 138 40 163 66
860 3 228 13 320 240
861 1 164 42 189 77
861 2 134 40 159 66
861 3 222 12 320 240
862 1 161 43 186 77
862 2 132 40 157 66
862 3 218 12 320 240
863 1 152 45 174 75
863 2 127 44 152 70
863 3 212 13 320 240
864 1 150 47 172 77
864 2 125 47 150 73
864 3 214 13 302 240
865 1 148 53 170 83
865 2 210 17 297 240
866 1 147 57 169 87
866 2 206 21 294 240
867 1 146 64 168 94
867 2 203 26 290 240
868 1 146 68 167 98
868 2 200 29 288 240
869 1 144 75 166 106
869 2 198 39 285 240
870 1 144 78 166 109
870 2 197 43 284 240
871 1 143 84 166 116
871 2 198 52 280 240
872 1 143 89 166 120
872 2 198 58 281 240
1121 1 84 110 125 204
1121 2 145 116 164 136
1122 1 84 113 125 207
1122 2 145 119 164 139
1123 1 85 119 126 213
1123 2 146 125 166 146
1124 1 86 123 127 217
1124 2 146 129 166 150
1125 1 86 127 127 221
1125 2 146 134 167 156
1126 1 85 126 128 225
1126 2 146 136 167 158
1127 1 84 127 128 225
1127 2 145 136 162 155
1128 1 84 126 127 225
1128 2 145 136 162 155
1129 1 84 126 128 225
1129 2 146 135 162 154
1130 1 86 128 127 222
1130 2 146 135 163 153
1131 1 87 126 128 220
1131 2 147 133 164 152
1132 1 88 125 129 219
1132 2 147 133 164 152
1133 1 89 126 130 220
1133 2 148 135 164 154
1134 1 89 126 130 220
1134 2 148 136 164 155
1135 1 90 128 131 222
1135 2 147 137 165 157
1136 1 89 124 132 223
1136 2 147 138 165 158
1137 1 90 126 134 224
1137 2 148 139 164 158
1138 1 92 126 135 225
1138 2 149 140 165 159
1139 1 91 124 137 228
1139 2 149 142 166 160
1140 1 92 125 138 229
1140 2 150 142 166 161
1141 1 94 130 138 229
1141 2 150 145 166 163
1142 1 94 130 137 228
1142 2 150 146 167 164
1143 1 95 129 138 228
1143 2 150 146 166 164
1144 1 96 130 137 224
1144 2 150 144 167 163
1145 1 97 130 136 220
1145 2 150 143 166 162
1146 1 97 129 136 218
1146 2 150 137 167 160
1147 1 97 127 136 217
1147 2 150 137 166 159
1148 1 98 130 135 215
1148 2 150 136 166 159
1149 1 97 129 136 218
1149 2 150 138 167 162
1150 1 97 129 136 219
1150 2 150 139 168 163
1151 1 99 130 138 220
1151 2 152 140 169 164
1152 1 99 130 138 220
1152 2 153 142 170 166
1153 1 99 130 138 219
1153 2 154 142 171 166
1154 1 99 127 140 221
1154 2 154 142 171 166
1155 1 99 127 140 221
1155 2 155 142 172 166
1156 1 100 127 141 221
1156 2 156 142 173 166
1157 1 102 130 141 220
1157 2 156 142 174 166
1158 1 102 130 141 220
1158 2 156 142 175 167
1159 1 102 129 141 219
1159 2 157 142 175 167
1160 1 103 129 142 219
1160 2 158 141 176 166
1161 1 103 129 142 218
1161 2 158 141 176 166
1162 1 103 129 142 218
1162 2 158 141 176 166
1163 1 102 129 142 218
1163 2 157 141 176 167
1164 1 102 129 141 219
1164 2 157 140 176 167
1165 1 100 131 139 220
1165 2 155 142 174 169
1166 1 98 132 138 222
1166 2 154 144 173 170
1167 1 97 136 136 226
1167 2 153 148 172 174
1168 1 96 139 136 228
1168 2 153 149 172 176
1169 1 96 143 134 228
1169 2 152 151 171 177
1170 1 96 143 134 228
1170 2 151 152 170 178
1171 1 96 142 133 228
1171 2 151 151 170 177
1172 1 96 140 133 225
1172 2 151 149 170 176
1173 1 95 140 132 225
1173 2 150 148 170 175
1174 1 94 139 132 224
1174 2 150 148 169 174
1175 1 94 139 131 224
1175 2 150 148 169 175
1176 1 95 140 132 225
1176 2 150 148 169 175
1177 1 95 140 132 225
1177 2 150 148 169 174
1178 1 95 140 132 225
1178 2 151 148 170 174
1179 1 94 140 132 225
1179 2 150 148 170 175
1180 1 94 139 131 224
1180 2 150 148 169 174
1181 1 93 139 131 224
1181 2 150 148 169 174
1182 1 93 139 130 224
1182 2 150 148 168 174
1183 1 93 139 130 224
1183 2 149 147 168 173
1184 1 92 137 129 222
1184 2 149 145 169 172
1185 1 91 137 128 222
1185 2 148 144 168 172
1186 1 89 138 126 223
1186 2 145 145 165 173
1187 1 87 140 125 225
1187 2 146 150 162 172
1188 1 85 143 122 228
1188 2 145 152 160 174
1189 1 84 145 122 230
1189 2 145 152 160 174
1190 1 85 146 122 232
1190 2 145 153 161 175
1191 1 85 148 122 233
1191 2 146 154 161 176
1192 1 86 148 124 233
1192 2 146 153 162 175
1193 1 87 146 124 232
1193 2 147 152 163 174
1194 1 86 144 124 229
1194 2 147 151 162 173
1195 1 85 144 122 229
1195 2 146 151 162 173
1196 1 82 144 119 230
1196 2 143 153 160 176
1197 1 81 145 119 230
1197 2 143 155 159 177
1198 1 82 145 120 230
1198 2 144 154 160 176
1199 1 85 146 120 228
1199 2 146 153 162 175
1200 1 88 143 124 224
1200 2 149 149 166 172
1201 1 95 140 128 216
1201 2 151 148 168 171
1202 1 97 138 130 214
1202 2 153 146 170 169
1202 3 134 148 154 166
1203 1 98 136 131 213
1203 2 154 146 170 168
1203 3 134 148 154 165
1204 1 99 134 132 210
1204 2 154 144 171 167
1204 3 136 146 156 164
1205 1 99 134 132 211
1205 2 155 145 171 168
1205 3 136 147 156 164
1206 1 100 141 133 217
1206 2 156 150 172 173
1206 3 137 152 157 169
1207 1 100 144 133 221
1207 2 157 154 173 176
1207 3 136 155 157 174
1208 1 102 149 135 225
1208 2 159 158 176 181
1208 3 138 160 159 178
1209 1 103 149 136 225
1209 2 160 160 177 183
1209 3 139 162 160 180
1210 1 106 149 139 225
1210 2 162 159 179 183
1210 3 141 162 162 180
1211 1 108 149 141 225
1211 2 163 159 180 183
1211 3 143 161 164 179
1212 1 109 148 142 225
1212 2 164 159 181 182
1212 3 144 160 165 178
1213 1 109 148 142 224
1213 2 165 158 181 181
1213 3 144 159 165 177
1214 1 110 147 143 223
1214 2 166 156 182 179
1214 3 145 158 166 176
1215 1 111 146 144 222
1215 2 166 155 182 178
1215 3 145 156 166 175
1216 1 112 143 145 220
1216 2 166 152 183 175
1216 3 146 155 166 172
1217 1 111 143 144 219
1217 2 166 151 183 174
1217 3 150 154 166 171
1218 1 112 139 145 216
1218 2 166 149 183 172
1218 3 150 151 166 168
1219 1 113 140 144 212
1219 2 167 147 183 170
1219 3 150 150 166 167
1220 1 114 138 145 210
1220 2 167 145 184 168
1220 3 150 148 166 166
1221 1 114 136 145 209
1221 2 168 145 184 168
1221 3 151 147 167 164
1222 1 114 136 146 209
1222 2 168 145 185 168
1222 3 152 147 168 164
1223 1 114 137 146 210
1223 2 168 146 184 169
1223 3 152 147 168 165
1224 1 113 140 144 213
1224 2 167 148 183 170
1224 3 150 150 166 168
1225 1 112 141 143 213
1225 2 166 149 182 171
1225 3 149 151 165 169
1226 1 110 143 142 215
1226 2 164 150 180 172
1226 3 147 153 163 171
1227 1 109 144 141 217
1227 2 164 152 179 174
1227 3 146 154 162 172
1228 1 108 146 140 219
1228 2 162 154 178 176
1228 3 145 157 161 174
1229 1 108 147 139 220
1229 2 162 155 178 177
1229 3 145 157 161 175
1230 1 108 148 140 221
1230 2 162 155 178 177
1230 3 145 158 161 175
1231 1 110 150 140 219
1231 2 163 155 178 177
1231 3 146 158 162 175
1232 1 111 150 141 219
1232 2 164 156 180 178
1232 3 147 158 163 176
1233 1 112 150 142 220
1233 2 164 156 180 178
1233 3 147 158 163 176
1234 1 113 152 143 221
1234 2 165 157 181 179
1234 3 148 160 164 177
1235 1 113 153 143 222
1235 2 166 157 181 179
1235 3 149 161 164 178
1236 1 114 154 144 223
1236 2 167 159 182 181
1236 3 150 162 165 179
1237 1 115 154 145 224
1237 2 168 159 184 182
1237 3 151 163 166 180
1239 1 116 156 146 225
1239 2 150 162 166 182
1240 1 116 156 146 225
1240 2 151 161 167 182
1241 1 118 159 148 228
1242 1 117 157 147 226
1242 2 168 163 184 180
1242 3 150 161 166 182
1243 1 117 157 147 226
1243 2 168 163 184 180
1243 3 150 162 166 182
1244 1 117 158 147 228
1244 2 167 164 184 182
1244 3 150 163 166 182
1245 1 116 157 147 229
1245 2 172 165 184 183
1245 3 150 164 166 183
1246 1 117 157 148 229
1246 2 167 165 185 183
1246 3 150 164 166 184
1247 1 119 158 150 230
1247 2 169 165 187 183
1247 3 152 164 168 184
1248 1 124 157 155 230
1248 2 173 165 192 184
1248 3 156 164 172 184
1249 1 125 157 156 229
1249 2 173 165 193 184
1249 3 158 163 174 183
1250 1 125 155 157 228
1250 2 174 164 193 184
1250 3 158 162 174 183
1251 1 125 155 156 227
1251 2 173 164 192 183
1251 3 157 162 173 182
1252 1 124 154 156 226
1252 2 172 163 191 183
1252 3 156 161 172 182
1253 1 124 154 155 226
1253 2 171 163 191 183
1253 3 156 161 172 181
1254 1 125 155 155 224
1254 2 170 163 191 184
1254 3 155 161 172 182
1255 1 125 154 155 224
1255 2 171 163 192 184
1255 3 156 161 173 182
1256 1 126 153 156 222
1256 2 171 162 192 183
1256 3 156 158 174 181
1257 1 126 152 156 221
1257 2 171 161 192 182
1257 3 156 162 174 184
1258 1 126 152 156 221
1258 2 171 161 192 182
1258 3 156 160 174 183
1259 1 126 151 156 220
1259 2 172 161 192 182
1259 3 156 161 173 182
1260 1 126 150 156 219
1260 2 171 161 192 182
1260 3 155 161 172 182
1261 1 126 150 156 219
1261 2 171 162 191 182
1261 3 155 160 172 182
1262 1 125 151 155 220
1262 2 171 162 190 182
1262 3 154 161 171 182
1263 1 125 150 155 220
1263 2 171 162 191 182
1263 3 154 162 170 183
1264 1 124 149 154 218
1264 2 173 159 188 182
1264 3 152 160 169 181
1265 1 124 149 154 218
1265 2 172 159 188 182
1265 3 152 159 169 181
1266 1 122 148 152 217
1266 2 171 158 186 182
1266 3 151 159 168 181
1267 1 122 147 152 216
1267 2 171 159 186 182
1267 3 150 158 168 180
1268 1 121 147 151 217
1268 2 170 159 185 182
1268 3 148 158 166 181
1269 1 120 147 150 217
1269 2 169 158 185 183
1269 3 148 158 166 180
1270 1 120 147 150 216
1270 2 168 158 184 183
1270 3 151 160 167 186
1271 1 119 147 149 216
1271 2 168 159 184 183
1271 3 150 160 166 186
1272 1 118 149 147 215
1272 2 166 159 182 183
1272 3 148 161 164 187
1273 1 117 150 145 216
1273 2 166 159 182 184
1273 3 148 161 164 187
1274 1 115 152 144 218
1274 2 164 161 180 185
1274 3 146 163 162 189
1275 1 114 152 143 218
1275 2 163 161 179 186
1275 3 145 163 161 189
1276 1 113 152 142 218
1276 2 162 162 178 186
1276 3 144 164 160 190
1277 1 112 152 141 218
1277 2 161 162 177 186
1277 3 144 164 159 190
1278 1 111 150 139 216
1278 2 160 160 176 184
1278 3 142 162 158 188
1279 1 110 149 138 215
1279 2 160 159 176 183
1279 3 141 161 157 187
1280 1 110 146 138 212
1280 2 159 157 175 182
1280 3 140 159 156 185
1281 1 109 146 138 212
1281 2 159 157 175 181
1281 3 139 158 155 184
1282 1 109 146 136 209
1282 2 158 154 174 178
1282 3 138 157 154 183
1283 1 108 145 136 208
1283 2 158 154 173 177
1283 3 138 156 154 182
1284 1 108 144 136 207
1284 2 158 153 173 176
1284 3 138 156 154 182
1285 1 108 144 136 207
1285 2 158 152 173 176
1285 3 137 155 153 181
1286 1 109 145 136 208
1286 2 159 154 174 177
1286 3 138 156 154 182
1287 1 109 146 136 208
1287 2 159 155 174 179
1287 3 138 156 154 184
1288 1 108 148 136 211
1288 2 159 157 173 180
1288 3 137 158 153 185
1289 1 107 149 134 211
1289 2 158 158 172 181
1289 3 136 159 152 186
1290 1 105 149 132 212
1290 2 155 159 170 181
1290 3 133 160 150 187
1291 1 104 149 131 212
1291 2 154 159 169 181
1291 3 131 159 148 187
1292 1 102 150 129 212
1292 2 153 159 168 181
1292 3 130 159 147 188
1293 1 102 150 129 213
1293 2 152 160 167 183
1293 3 129 160 147 188
1294 1 102 152 130 214
1294 2 152 160 168 184
1294 3 130 161 147 190
1295 1 103 152 130 214
1295 2 152 160 168 185
1295 3 130 161 147 190
1296 1 103 152 130 214
1296 2 152 160 168 185
1296 3 129 162 147 190
1297 1 103 152 130 215
1297 2 152 161 168 185
1297 3 129 162 147 191
1298 1 102 153 129 216
1298 2 152 162 168 186
1298 3 129 164 146 192
1299 1 153 162 169 186
1299 2 129 163 146 192
1300 1 102 155 129 218
1300 2 152 164 168 189
1300 3 129 165 146 194
1301 1 153 166 169 190
1301 2 131 165 148 194
1301 3 104 160 127 216
1302 1 153 165 169 190
1302 2 131 165 148 194
1302 3 104 159 127 216
1303 1 154 166 170 190
1303 2 131 164 149 193
1303 3 104 159 127 215
1304 1 155 163 171 188
1304 2 132 163 149 192
1304 3 105 157 128 214
1305 1 156 163 172 187
1305 2 132 162 149 191
1305 3 105 154 129 214
1306 1 156 161 172 185
1306 2 132 162 150 190
1306 3 106 153 130 212
1307 1 156 161 172 185
1307 2 133 161 150 189
1307 3 106 152 131 212
1308 1 157 160 173 184
1308 2 133 159 150 188
1308 3 107 152 131 211
1309 1 157 160 173 184
1309 2 133 159 151 188
1309 3 106 152 130 211
1310 1 157 160 173 184
1310 2 133 160 150 188
1310 3 106 152 130 211
1311 1 157 160 173 184
1311 2 133 160 150 188
1311 3 106 152 130 211
1312 1 157 160 173 184
1312 2 133 159 151 188
1312 3 106 152 130 211
1313 1 157 160 173 184
1313 2 134 159 151 188
1313 3 107 152 131 212
1316 1 160 160 182 182
1316 2 137 160 153 186
1316 3 112 157 135 209
1317 1 160 160 182 182
1317 2 137 160 152 186
1317 3 111 158 135 210
1318 1 160 160 182 182
1318 2 136 160 152 187
1318 3 111 156 135 210
1319 1 160 158 186 179
1319 2 137 160 153 186
1319 3 111 155 136 210
1320 1 161 157 187 177
1320 2 137 158 153 184
1320 3 112 152 136 207
1321 1 161 155 188 176
1321 2 138 157 154 184
1321 3 112 152 137 206
1322 1 162 154 189 176
1323 1 162 153 191 175
1323 2 112 152 137 207
1324 1 162 153 191 175
1324 2 140 156 156 182
1324 3 114 151 138 206
1325 1 162 153 191 175
1325 2 140 156 156 183
1325 3 114 152 138 206
1326 1 162 154 190 177
1326 2 139 158 155 184
1326 3 114 153 138 208
1327 1 161 155 190 178
1327 2 139 159 155 186
1327 3 113 154 138 209
1328 1 160 156 189 178
1328 2 139 160 155 187
1328 3 113 155 138 209
1329 1 162 160 188 179
1329 2 139 161 158 187
1329 3 113 156 138 210
1330 1 138 162 157 187
1330 2 113 156 137 211
1331 1 163 160 188 179
1331 2 139 162 158 188
1331 3 113 156 137 211
1332 1 163 160 188 180
1332 2 138 162 157 187
1332 3 113 156 137 211
1333 1 163 160 189 179
1333 2 139 162 158 187
1333 3 112 156 137 210
1334 1 163 160 189 179
1334 2 139 162 158 187
1334 3 112 155 137 210
1335 1 164 160 189 179
1335 2 138 161 157 186
1335 3 112 154 138 211
1336 1 164 160 190 179
1336 2 138 161 157 186
1336 3 112 153 138 210
1338 1 165 160 191 179
1339 1 164 160 190 179
1339 2 138 159 157 184
1339 3 112 152 138 209
1340 1 163 159 188 178
1340 2 138 158 157 184
1340 3 111 151 136 208
1341 1 162 159 188 178
1341 2 139 154 158 179
1342 1 159 158 185 177
1342 2 133 156 154 182
1342 3 106 150 132 208
1343 1 158 157 184 176
1343 2 132 156 153 182
1343 3 106 150 131 208
1344 1 159 158 183 176
1344 2 136 157 155 182
1344 3 104 150 130 208
1345 1 157 158 181 176
1345 2 126 157 152 177
1345 3 102 150 128 208
1346 1 154 158 179 176
1346 2 122 156 150 177
1346 3 99 150 125 208
1347 1 152 157 177 175
1347 2 121 155 149 176
1347 3 97 150 123 207
1348 1 150 156 174 174
1348 2 117 154 146 176
1348 3 94 149 120 207
1349 1 148 155 174 174
1349 2 114 153 145 176
1349 3 93 149 118 206
1350 1 147 155 173 174
1350 2 114 154 144 177
1350 3 91 150 116 207
1351 1 146 156 172 176
1351 2 113 155 144 178
1351 3 90 151 116 208
1352 1 146 158 171 177
1352 2 112 156 143 179
1352 3 89 152 115 209
1353 1 146 159 171 178
1353 2 112 156 143 180
1353 3 89 153 114 210
1354 1 145 159 172 179
1354 2 114 159 143 178
1354 3 87 152 114 212
1355 1 144 160 171 180
1355 2 114 159 143 178
1355 3 87 152 114 212
1356 1 144 161 171 181
1356 2 114 160 143 179
1356 3 87 153 114 213
1357 1 149 162 174 181
1357 2 114 161 143 179
1357 3 87 153 114 213
1358 1 148 163 174 182
1358 2 113 162 143 181
1358 3 86 155 113 215
1359 1 148 164 173 183
1359 2 112 162 142 181
1359 3 86 157 112 214
1360 1 146 165 172 184
1360 2 111 163 141 182
1360 3 85 157 111 214
1361 1 146 165 172 184
1361 2 110 163 141 182
1361 3 84 157 110 214
1362 1 144 165 171 185
1362 2 110 164 140 183
1362 3 84 158 110 215
1363 1 149 164 176 184
1363 2 109 163 140 183
1364 1 148 164 176 185
1364 2 108 165 137 184
1365 1 148 164 178 186
1365 2 110 164 140 184
1366 1 148 165 178 187
1366 2 110 164 141 183
1366 3 83 158 108 215
1367 1 149 166 177 186
1367 2 110 165 141 184
1367 3 83 158 108 216
1368 1 84 161 108 215
1369 1 85 162 110 216
1370 1 150 170 178 191
1370 2 116 168 146 188
1370 3 87 164 111 218
1371 1 150 171 178 192
1371 2 116 169 147 188
1371 3 88 165 112 219
1372 1 152 172 180 193
1372 2 117 169 149 189
1372 3 89 166 114 220
1373 1 153 172 181 193
1373 2 117 169 150 190
1373 3 90 166 114 220
1374 1 155 174 182 194
1374 2 120 171 151 191
1374 3 92 167 116 221
1375 1 159 175 186 195
1375 2 122 173 152 191
1375 3 93 167 117 222
1376 1 161 175 190 196
1376 2 125 174 153 191
1376 3 95 168 120 222
1377 1 163 176 191 196
1377 2 127 174 155 191
1377 3 96 168 120 222
1378 1 164 176 198 195
1378 2 129 175 156 192
1378 3 98 168 122 222
1379 1 165 176 198 195
1379 2 131 176 157 192
1379 3 98 169 122 224
1380 1 165 177 198 196
1380 2 130 176 157 193
1380 3 98 170 122 224
1381 1 166 178 198 196
1381 2 130 177 156 194
1381 3 98 170 122 225
1382 1 166 177 197 195
1382 2 129 175 156 193
1382 3 98 170 122 225
1383 1 166 177 197 195
1383 2 128 175 155 192
1383 3 98 171 121 223
1384 1 166 176 197 194
1384 2 127 174 155 191
1384 3 97 170 120 222
1385 1 167 176 197 193
1385 2 126 173 154 190
1385 3 96 168 121 223
1645 1 16 131 55 175
1645 2 133 132 168 160
1645 3 104 133 155 155
1646 1 15 132 55 176
1646 2 133 134 168 161
1646 3 104 133 155 156
1647 1 16 134 55 177
1647 2 134 136 169 163
1647 3 106 135 156 157
1648 1 16 135 56 179
1648 2 134 137 171 166
1648 3 106 137 157 159
1649 1 17 138 57 181
1649 2 136 139 173 168
1649 3 109 139 160 161
1650 1 18 139 58 183
1650 2 138 141 175 170
1650 3 109 139 162 163
1651 1 22 141 61 184
1651 2 141 144 176 171
1651 3 112 141 165 165
1652 1 23 142 63 185
1652 2 153 144 178 159
1652 3 112 141 168 166
1653 1 25 142 64 185
1653 2 155 143 179 158
1653 3 115 141 171 166
1654 1 25 141 64 185
1654 2 155 142 179 157
1654 3 115 141 171 166
1655 1 24 140 64 184
1655 2 155 141 179 156
1655 3 114 140 170 165
1656 1 23 140 63 183
1656 2 154 141 178 156
1656 3 114 140 170 165
1657 1 20 140 61 186
1657 2 153 142 177 157
1657 3 112 140 171 166
1658 1 18 141 60 186
1658 2 153 143 176 157
1658 3 111 140 170 166
1659 1 16 143 58 189
1659 2 150 143 174 158
1659 3 109 141 168 167
1660 1 14 143 56 189
1660 2 146 142 173 159
1660 3 108 141 167 167
1661 1 12 144 54 190
1661 2 144 144 172 161
1661 3 106 142 168 169
1662 1 13 140 57 188
1662 2 146 144 173 161
1662 3 108 141 169 169
1663 1 24 138 59 182
1663 2 148 143 176 160
1663 3 110 141 172 168
1664 1 24 139 59 183
1664 2 148 142 176 160
1664 3 112 141 171 167
1665 1 20 144 56 188
1665 2 148 141 175 158
1665 3 109 140 168 166
1666 1 20 143 55 187
1666 2 147 140 174 157
1666 3 110 139 168 165
1667 1 20 140 55 184
1667 2 147 138 174 156
1667 3 112 137 171 163
1668 1 20 139 55 183
1668 2 147 138 174 155
1668 3 111 137 170 163
1669 1 19 136 54 180
1669 2 147 136 174 163
1669 3 110 134 171 163
1670 1 20 136 55 179
1670 2 147 135 174 162
1670 3 109 133 173 164
1671 1 20 136 56 180
1671 2 147 136 174 163
1671 3 111 134 172 163
1672 1 20 138 56 182
1672 2 146 136 174 164
1672 3 112 134 172 163
1673 1 18 139 53 183
1673 2 110 134 171 163
1674 1 15 140 50 183
1674 2 108 134 172 164
1675 1 10 140 45 184
1675 2 104 134 171 166
1676 1 6 140 42 184
1676 2 103 134 170 166
1677 1 1 141 36 185
1677 2 99 135 169 168
1678 1 0 142 34 186
1678 2 98 136 169 169
1679 1 0 142 30 186
1679 2 94 137 168 172
1680 1 0 142 28 186
1680 2 94 138 164 172
1681 1 0 144 29 190
1681 2 93 138 173 168
1682 1 0 145 29 191
1682 2 93 138 173 168
1683 1 0 148 30 194
1683 2 94 139 174 169
1684 1 0 150 30 196
1684 2 128 143 164 166
1684 3 95 140 174 169
1685 1 0 151 31 197
1685 2 129 142 165 166
1685 3 96 140 176 169
1686 1 0 150 32 196
1686 2 129 142 165 165
1686 3 98 140 174 168
1687 1 0 149 30 195
1687 2 129 140 165 164
1687 3 98 139 174 167
1688 1 0 147 29 193
1688 2 127 140 163 163
1688 3 96 137 175 167
1689 1 0 145 28 191
1689 2 128 138 164 161
1689 3 98 137 174 165
1690 1 0 143 29 192
1690 2 130 137 166 161
1690 3 96 136 176 165
1691 1 0 140 29 188
1691 2 129 135 165 159
1691 3 98 135 174 163
1692 1 0 138 29 186
1692 2 129 134 165 157
1692 3 101 134 173 161
1693 1 0 132 32 183
1693 2 132 131 168 154
1693 3 102 129 172 163
1694 1 0 130 34 181
1694 2 134 128 170 152
1694 3 104 128 174 161
1695 1 0 128 37 179
1695 2 137 135 169 152
1695 3 107 127 178 160
1696 1 0 128 39 178
1696 2 139 134 172 151
1696 3 105 125 179 160
1697 1 0 126 43 180
1697 2 142 135 175 152
1697 3 111 126 182 159
1698 1 0 124 42 178
1698 2 143 135 176 152
1698 3 110 125 185 160
1699 1 0 126 43 179
1699 2 147 130 179 153
1699 3 109 125 187 162
1700 1 1 126 43 180
1700 2 123 131 179 155
1700 3 112 126 190 163
1701 1 122 131 178 155
1701 2 116 119 191 165
1701 3 0 132 45 177
1702 1 121 132 177 156
1702 2 117 124 192 171
1702 3 0 132 43 178
1703 1 120 132 176 156
1703 2 114 126 193 174
1703 3 0 134 40 179
1704 1 119 132 175 156
1704 2 113 126 192 175
1704 3 0 134 39 179
1705 1 122 132 176 161
1705 2 115 127 190 174
1705 3 0 136 37 181
1706 1 123 132 176 161
1706 2 115 129 190 175
1706 3 0 137 38 182
1707 1 121 128 196 174
1707 2 0 140 45 185
1708 1 126 125 202 172
1708 2 0 140 51 187
1709 1 134 128 210 175
1709 2 14 139 65 187
1710 1 141 126 220 175
1710 2 22 138 73 185
1711 1 152 127 235 178
1711 2 35 140 83 185
1712 1 157 122 236 170
1712 2 38 139 86 184
1713 1 158 124 238 173
1713 2 39 140 85 183
1714 1 158 126 237 174
1714 2 47 139 83 182
1715 1 155 127 234 176
1715 2 42 139 78 182
1716 1 152 127 235 178
1716 2 40 139 76 182
1717 1 154 126 237 177
1717 2 43 140 79 183
1718 1 158 126 245 179
1718 2 47 142 83 185
1719 1 172 127 259 181
1719 2 61 145 97 188
1720 1 178 125 278 176
1720 2 70 146 106 189
1721 1 190 122 303 174
1721 2 84 148 120 191
1722 1 194 122 306 174
1722 2 88 149 122 189
1723 1 199 122 311 173
1723 2 91 148 126 189
1724 1 199 120 317 174
1724 2 92 148 126 189
1725 1 202 123 314 175
1725 2 92 149 125 188
1726 1 202 124 315 176
1726 2 91 148 126 189
1727 1 203 125 316 177
1727 2 92 149 126 190
1728 1 207 145 237 181
1728 2 205 126 318 177
1728 3 92 149 126 189
1729 1 209 145 238 181
1729 2 207 125 320 179
1729 3 94 148 128 189
1730 1 210 144 240 181
1730 2 205 125 320 182
1730 3 94 147 129 188
1731 1 210 144 240 180
1731 2 210 125 320 182
1731 3 96 145 130 186
1732 1 212 144 242 180
1732 2 211 124 320 181
1732 3 97 144 132 185
1733 1 214 144 244 182
1733 2 217 122 320 179
1733 3 99 141 135 184
1734 1 217 144 246 180
1734 2 218 122 320 179
1734 3 99 140 135 183
1735 1 216 143 247 181
1735 2 214 120 320 179
1735 3 99 140 135 183
1736 1 215 145 250 180
1736 2 211 135 320 182
1736 3 97 139 133 182
1737 1 204 144 241 180
1737 2 200 135 320 182
1737 3 89 138 125 181
1738 1 193 140 230 177
1738 2 188 135 320 181
1738 3 81 136 117 179
1739 1 168 124 286 166
1739 2 52 128 88 170
1740 1 158 123 277 165
1740 2 43 128 79 170
1741 1 148 120 267 162
1741 2 32 127 68 170
1742 1 151 122 193 155
1742 2 144 117 268 161
1742 3 22 127 58 170
1743 1 144 122 187 154
1743 2 139 117 258 159
1743 3 13 130 49 173
1744 1 141 124 184 156
1744 2 138 117 256 159
1744 3 6 131 44 176
1745 1 137 122 181 156
1745 2 134 116 259 160
1745 3 0 134 38 179
1746 1 136 123 181 157
1746 2 134 117 258 161
1746 3 0 136 36 181
1747 1 136 125 182 160
1747 2 132 117 262 164
1747 3 0 138 36 183
1748 1 136 127 183 162
1748 2 132 118 262 164
1748 3 0 139 38 186
1749 1 136 129 185 166
1749 2 134 119 264 166
1749 3 0 140 38 187
1750 1 137 131 186 168
1750 2 134 121 264 168
1750 3 0 141 38 188
1751 1 137 133 188 172
1751 2 136 123 267 169
1751 3 0 144 40 191
1752 1 139 136 191 175
1752 2 142 125 266 169
1752 3 1 145 40 192
1753 1 142 133 194 172
1753 2 140 126 271 172
1753 3 2 146 42 193
1754 1 140 137 198 165
1754 2 140 126 277 174
1754 3 2 146 42 193
1755 1 139 136 199 165
1755 2 143 126 280 174
1755 3 2 144 42 191
1756 1 138 135 201 166
1756 2 147 127 277 174
1756 3 2 143 42 190
1757 1 148 133 211 164
1757 2 167 127 283 172
1757 3 6 138 48 187
1758 1 155 133 218 164
1758 2 177 128 288 170
1758 3 15 137 57 186
1759 1 174 133 233 162
1759 2 196 126 312 170
1759 3 45 140 86 189
1760 1 182 133 239 161
1760 2 212 124 320 171
1760 3 65 138 109 190
1761 1 197 130 298 181
1761 2 233 126 320 172
1761 3 86 146 130 198
1762 1 241 125 320 172
1762 2 94 145 131 191
1763 1 243 127 320 173
1763 2 101 147 136 191
1764 1 226 136 297 166
1764 2 256 130 320 177
1764 3 103 147 139 191
1765 1 230 136 300 166
1765 2 260 131 320 175
1765 3 106 148 141 192
1766 1 230 135 301 166
1766 2 264 132 320 174
1766 3 106 146 143 192
1767 1 233 131 306 163
1767 2 266 132 320 174
1767 3 107 142 144 189
1768 1 233 131 304 162
1768 2 273 133 320 168
1768 3 107 141 144 187
1769 1 234 131 305 161
1769 2 271 130 320 168
1769 3 108 137 145 183
1770 1 235 132 306 162
1770 2 272 128 320 166
1770 3 109 135 146 182
1771 1 234 125 320 156
1771 2 274 128 320 165
1771 3 109 134 146 180
1772 1 246 125 320 157
1772 2 273 126 320 166
1772 3 109 134 146 180
1773 1 248 127 318 158
1773 2 271 126 320 179
1773 3 110 135 146 182
1774 1 245 127 319 159
1774 2 267 126 320 181
1774 3 109 136 146 182
1775 1 242 128 320 161
1775 2 267 126 320 181
1775 3 107 137 144 183
1776 1 240 127 320 162
1776 2 266 124 320 179
1776 3 106 138 143 184
1777 1 236 129 320 165
1777 2 279 132 320 178
1777 3 104 139 142 188
1778 1 233 131 319 167
1778 2 277 132 320 180
1778 3 103 139 142 188
1779 1 238 130 320 164
1779 2 278 132 320 180
1779 3 102 139 141 187
1780 1 238 128 320 162
1780 2 278 132 320 181
1780 3 103 138 142 187
1781 1 240 126 320 166
1781 2 291 132 320 178
1781 3 103 138 142 186
1782 1 242 126 318 164
1782 2 292 132 320 178
1782 3 104 137 143 186
1783 1 242 125 319 163
1783 2 289 127 320 176
1783 3 105 136 144 185
1784 1 240 124 320 163
1784 2 291 126 320 175
1784 3 105 136 144 184
1785 1 239 124 320 164
1785 2 291 126 320 175
1785 3 105 135 144 183
1786 1 238 124 318 164
1786 2 289 125 320 176
1786 3 104 135 143 183
1787 1 238 124 319 164
1787 2 291 125 320 176
1787 3 105 135 144 183
1788 1 246 124 320 162
1788 2 106 135 144 183
1789 1 248 125 320 162
1789 2 108 135 147 183
1790 1 251 126 320 163
1790 2 110 136 149 184
1791 1 251 126 320 163
1791 2 112 136 149 182
1792 1 251 126 320 163
1792 2 112 136 149 182
1793 1 246 126 320 163
1793 2 109 136 146 183
1794 1 244 126 320 163
1794 2 107 138 144 184
1795 1 251 130 320 168
1795 2 106 141 142 187
1796 1 250 130 320 167
1796 2 105 141 142 188
1797 1 250 130 320 167
1797 2 105 142 142 188
1798 1 250 129 320 166
1798 2 105 142 142 188
1799 1 250 127 320 164
1799 2 105 140 141 184
1800 1 248 124 320 163
1800 2 105 138 140 182
1801 1 245 122 320 163
1801 2 103 134 140 180
1802 1 257 122 320 160
1802 2 103 133 140 179
1803 1 253 122 320 162
1803 2 102 132 139 179
1804 1 253 122 320 162
1804 2 100 130 137 176
1805 1 242 122 320 162
1805 2 92 124 130 171
1806 1 225 122 320 164
1806 2 84 121 120 167
1807 1 246 125 320 170
1809 1 185 113 265 159
1810 1 178 113 258 159
1811 1 170 128 250 159
1811 2 2 130 39 176
1812 1 168 128 247 159
1812 2 0 132 34 178
1812 3 227 137 320 184
1813 1 164 130 240 159
1813 2 0 134 27 180
1813 3 221 136 320 184
1814 1 162 131 238 160
1814 2 0 134 24 180
1814 3 218 135 320 185
1815 1 157 130 237 160
1815 2 214 133 320 185
1816 1 157 134 236 164
1816 2 214 132 320 184
1817 1 155 132 235 163
1817 2 215 132 320 184
1818 1 152 131 232 162
1818 2 215 132 320 184
1819 1 151 130 231 161
1819 2 210 132 320 186
1820 1 152 131 228 160
1820 2 210 131 320 186
1821 1 146 130 222 159
1821 2 211 132 320 184
1822 1 148 129 228 167
1822 2 210 132 320 184
1823 1 145 130 224 168
1823 2 206 134 318 186
1824 1 142 132 222 169
1824 2 204 136 316 188
1825 1 136 132 216 170
1825 2 201 138 313 190
1826 1 135 133 215 171
1826 2 209 139 320 193
1827 1 127 138 210 178
1827 2 204 143 320 218
1828 1 127 140 210 180
1828 2 202 147 320 221
1829 1 121 146 204 186
1829 2 197 153 315 228
1830 1 119 148 202 188
1830 2 195 156 313 230
1831 1 114 150 197 190
1831 2 192 159 310 222
1832 1 113 157 200 198
1832 2 191 159 308 221
1833 1 113 156 196 195
1833 2 189 156 306 219
1834 1 112 152 195 192
1834 2 188 154 305 216
1835 1 108 146 191 185
1835 2 189 150 301 210
1836 1 107 144 190 183
1836 2 188 148 308 202
1837 1 99 137 186 178
1837 2 184 148 304 201
1838 1 104 135 191 177
1838 2 180 146 300 200
1839 1 98 134 186 175
1839 2 178 145 292 196
1840 1 85 128 176 172
1840 2 164 138 284 192
1841 1 79 126 170 169
1841 2 156 135 276 188
1842 1 70 124 161 168
1842 2 147 133 267 187
1843 1 66 124 153 166
1843 2 141 131 255 180
1844 1 66 125 153 167
1844 2 132 130 251 181
1845 1 64 125 152 167
1845 2 131 129 251 180
1846 1 62 126 149 167
1846 2 129 128 249 179
1847 1 60 125 147 166
1847 2 132 128 246 177
1848 1 58 125 145 166
1848 2 130 127 244 176
1849 1 56 124 144 165
1849 2 131 126 240 172
1850 1 55 122 143 164
1850 2 135 125 244 171
1851 1 54 122 141 163
1851 2 135 126 243 172
1852 1 54 123 138 162
1852 2 135 125 243 171
1853 1 55 122 138 161
1853 2 135 125 243 171
1854 1 54 120 142 161
1854 2 136 126 245 172
1855 1 55 120 142 161
1855 2 138 127 254 175
1856 1 60 123 147 164
1856 2 142 130 257 178
1857 1 58 123 149 166
1857 2 143 132 259 180
1858 1 59 124 155 170
1858 2 147 133 262 181
1859 1 56 124 157 172
1859 2 150 136 260 181
1860 1 55 127 156 175
1860 2 151 137 261 183
1861 1 52 129 158 179
1861 2 152 139 256 183
1862 1 43 131 149 181
1862 2 143 141 248 184
1863 1 36 130 147 182
1863 2 131 142 241 188
1864 1 25 129 142 185
1864 2 120 141 236 189
1865 1 54 138 141 174
1865 2 120 140 235 188
1866 1 52 140 139 176
1866 2 119 141 234 189
1867 1 51 143 138 179
1867 2 118 142 234 190
1868 1 53 146 140 182
1868 2 120 145 236 193
1869 1 52 148 144 185
1869 2 124 146 222 200
1870 1 60 147 151 185
1870 2 125 147 223 201
1871 1 62 149 149 185
1871 2 126 148 223 202
1872 1 64 152 148 186
1872 2 126 149 223 203
1873 1 67 152 146 185
1873 2 126 149 223 203
1874 1 68 152 147 185
1874 2 128 147 232 212
1875 1 67 151 150 185
1875 2 128 146 231 211
1876 1 72 149 154 183
1876 2 129 145 232 210
1877 1 71 150 154 184
1877 2 131 144 234 209
1878 1 73 148 156 182
1878 2 133 140 236 205
1879 1 74 145 156 179
1879 2 134 137 237 201
1880 1 74 140 154 177
1880 2 135 136 239 201
1881 1 74 140 154 177
1881 2 136 137 230 187
1882 1 75 141 155 178
1882 2 137 139 231 189
1883 1 78 142 158 179
1883 2 140 142 229 189
1884 1 80 144 160 180
1884 2 146 146 231 191
1885 1 81 145 161 182
1885 2 147 147 232 192
1886 1 89 148 166 183
1886 2 150 150 235 195
1887 1 90 151 167 186
1887 2 149 147 231 201
1888 1 92 150 168 185
1888 2 148 149 231 203
1889 1 92 150 168 186
1889 2 148 149 230 203
1890 1 90 153 163 186
1890 2 144 150 226 204
1891 1 88 153 161 187
1891 2 143 151 225 205
1892 1 82 154 155 187
1892 2 136 151 219 205
1893 1 79 154 154 186
1893 2 134 152 213 203
1894 1 74 154 146 184
1894 2 130 151 204 200
1895 1 68 153 142 183
1895 2 123 149 201 200
1896 1 60 153 138 185
1896 2 119 151 194 200
1897 1 57 153 135 184
1897 2 116 152 190 201
1898 1 52 154 130 187
1898 2 110 153 185 202
1899 1 51 154 129 187
1899 2 108 154 194 202
1900 1 46 155 131 188
1900 2 104 154 191 202
1901 1 44 155 130 188
1901 2 103 156 190 204
1902 1 43 152 132 188
1902 2 102 156 189 204
1903 1 42 152 130 189
1903 2 102 155 188 203
1904 1 39 149 132 187
1904 2 102 153 188 201
1905 1 35 147 129 186
1905 2 102 150 189 198
1906 1 42 138 136 176
1906 2 102 143 189 191
1907 1 44 136 133 172
1907 2 100 139 191 189
1908 1 46 131 131 166
1908 2 100 131 191 182
1909 1 46 128 131 163
1909 2 100 129 191 180
1910 1 50 125 130 158
1910 2 100 124 190 175
1911 1 49 121 133 155
1911 2 99 121 190 172
1912 1 51 117 136 152
1912 2 102 121 188 169
1913 1 52 114 136 149
1913 2 104 120 186 166
1914 1 52 110 137 145
1914 2 96 110 174 152
1915 1 53 109 137 144
1915 2 96 109 174 150
1916 1 51 107 136 148
1916 2 97 108 170 148
1917 1 50 107 135 148
1917 2 94 108 171 150
1918 1 48 112 133 153
1918 2 93 110 170 151
1919 1 50 115 130 153
1919 2 92 112 169 153
1920 1 46 120 130 167
1920 2 92 116 169 157
1921 1 48 124 128 168
1921 2 92 118 170 160
1922 1 49 127 129 172
1922 2 92 122 170 164
1923 1 46 128 130 175
1923 2 93 125 170 166
1924 1 47 129 131 176
1924 2 94 124 170 166
1925 1 48 130 132 177
1925 2 95 125 169 164
1926 1 47 131 131 178
1926 2 95 127 169 166
1927 1 52 130 132 173
1927 2 93 127 170 168
1928 1 54 133 131 173
1928 2 94 128 171 169
1929 1 54 134 130 174
1929 2 96 129 178 176
1930 1 57 135 130 173
1930 2 99 130 176 175
1931 1 59 131 134 168
1931 2 99 131 177 176
1932 1 61 133 132 168
1932 2 98 132 179 179
1933 1 62 133 133 168
1933 2 98 132 179 179
1934 1 63 136 134 171
1934 2 100 135 177 180
1935 1 63 137 134 172
1935 2 100 137 185 183
1936 1 62 139 138 177
1936 2 100 139 184 185
1937 1 61 140 137 177
1937 2 100 140 184 186
1938 1 61 140 137 177
1938 2 100 140 184 185
1939 1 63 141 135 176
1939 2 98 140 187 188
1940 1 62 142 134 177
1940 2 98 140 187 188
1941 1 62 142 135 178
1941 2 102 141 186 186
1942 1 64 142 137 177
1942 2 103 140 188 186
1943 1 69 140 142 176
1943 2 103 138 188 184
1944 1 71 140 143 175
1944 2 104 138 189 184
1945 1 72 140 141 174
1945 2 105 139 190 184
1946 1 72 140 141 174
1946 2 106 141 185 183
1947 1 72 140 141 174
1947 2 106 141 185 184
1948 1 72 140 145 176
1948 2 106 142 185 185
1949 1 73 140 145 176
1949 2 109 143 184 184
1950 1 70 141 146 178
1950 2 110 143 186 184
1951 1 71 142 147 179
1951 2 112 144 187 185
1952 1 73 142 149 180
1952 2 111 145 190 188
1953 1 79 144 154 172
1953 2 112 145 191 188
1954 1 80 143 155 171
1954 2 113 145 192 188
1955 1 79 143 154 171
1955 2 114 146 193 189
1956 1 82 143 157 171
1956 2 114 144 194 187
1957 1 82 143 158 171
1957 2 114 144 194 186
1958 1 87 144 158 170
1958 2 116 142 191 183
1959 1 87 144 158 170
1959 2 115 145 194 188
1960 1 81 144 156 172
1960 2 119 145 194 185
1961 1 82 143 161 172
1961 2 120 145 195 186
1962 1 83 143 162 173
1962 2 121 146 196 187
1963 1 83 144 162 173
1963 2 120 146 196 187
1964 1 84 143 160 171
1964 2 121 144 196 185
1965 1 86 142 161 170
1965 2 120 143 199 186
1966 1 88 141 164 169
1966 2 132 140 197 186
1967 1 93 140 164 167
1967 2 132 139 198 185
1968 1 94 139 165 166
1968 2 133 137 198 183
1969 1 89 135 160 162
1969 2 133 135 198 182
1970 1 89 134 161 160
1970 2 134 134 199 180
1971 1 89 133 160 159
1971 2 134 132 199 178
1972 1 89 132 161 159
1972 2 134 130 199 176
1973 1 89 131 161 158
1973 2 133 129 198 176
1974 1 89 131 160 158
1974 2 142 129 198 185
1975 1 88 131 160 158
1975 2 142 129 197 184
1976 1 87 130 159 157
1976 2 142 129 197 185
1977 1 105 132 159 158
1977 2 142 130 197 186
1978 1 104 132 158 159
1978 2 141 131 201 196
1979 1 103 133 159 161
1979 2 141 132 201 197
1980 1 103 134 159 162
1980 2 141 133 201 198
1981 1 103 134 160 162
1981 2 141 134 201 199
1982 1 102 134 161 163
1982 2 141 135 201 200
1983 1 102 134 161 164
1983 2 142 136 202 200
1984 1 104 134 160 162
1984 2 143 135 203 200
1985 1 104 134 161 162
1985 2 143 135 204 200
1986 1 110 132 166 160
1986 2 144 133 204 198
1987 1 110 132 166 160
1987 2 143 132 204 196
3057 1 0 118 60 240
3057 2 110 138 146 172
3057 3 135 138 171 178
3058 1 0 119 61 240
3058 2 111 140 147 175
3058 3 136 141 172 181
3059 1 0 123 62 240
3059 2 112 144 149 178
3059 3 138 143 174 183
3060 1 0 123 64 240
3060 2 113 145 149 179
3060 3 138 143 174 183
3061 1 0 121 64 240
3061 2 114 144 150 178
3061 3 139 144 175 184
3062 1 0 122 64 240
3062 2 115 143 151 178
3062 3 140 144 176 184
3063 1 0 123 64 240
3063 2 118 147 148 191
3063 3 140 146 176 186
3064 1 0 124 65 240
3064 2 118 149 147 191
3064 3 140 148 176 188
3065 1 0 125 64 240
3065 2 119 152 148 193
3065 3 140 151 176 191
3066 1 0 125 65 240
3066 2 119 153 148 194
3066 3 140 152 176 192
3067 1 0 121 67 240
3067 2 120 152 148 193
3067 3 140 152 176 192
3068 1 0 120 67 240
3068 2 119 150 149 193
3068 3 140 152 176 192
3069 1 0 117 68 240
3069 2 118 148 148 191
3069 3 134 147 176 180
3070 1 0 121 67 240
3070 2 121 146 148 188
3070 3 134 146 176 179
3071 1 0 115 70 240
3071 2 122 144 148 184
3071 3 134 143 176 176
3072 1 0 114 71 240
3072 2 122 144 148 184
3072 3 134 143 176 176
3073 1 0 114 72 240
3073 2 122 142 158 186
3073 3 135 144 178 177
3074 1 0 113 71 240
3074 2 122 142 158 186
3074 3 135 143 179 178
3075 1 0 114 71 240
3075 2 123 142 158 186
3075 3 136 143 180 178
3076 1 0 114 72 240
3076 2 124 143 159 186
3076 3 136 143 176 176
3077 1 0 115 72 240
3077 2 123 144 158 187
3077 3 136 145 175 178
3078 1 0 116 72 240
3078 2 122 145 157 188
3078 3 136 146 175 188
3079 1 0 114 72 240
3079 2 121 146 158 192
3079 3 136 147 174 189
3080 1 0 116 73 240
3080 2 120 148 157 193
3080 3 136 148 175 190
3081 1 0 116 73 240
3081 2 126 149 157 192
3081 3 135 148 174 190
3082 1 0 116 72 240
3082 2 124 148 156 191
3082 3 134 148 174 190
3083 1 0 111 73 240
3083 2 124 147 155 190
3083 3 134 147 175 194
3084 1 0 110 73 240
3084 2 124 147 155 190
3084 3 134 147 175 193
3085 1 0 120 72 240
3085 2 124 146 155 189
3085 3 134 146 175 193
3086 1 124 146 155 189
3086 2 134 146 175 192
3087 1 0 116 72 240
3087 2 124 144 157 186
3087 3 134 146 175 192
3088 1 0 118 73 240
3088 2 124 144 157 185
3088 3 134 146 176 193
3089 1 0 112 75 240
3089 2 123 144 158 187
3089 3 134 145 176 184
3090 1 0 112 74 240
3090 2 124 143 160 188
3090 3 134 145 176 184
3091 1 0 112 73 240
3091 2 124 144 158 187
3091 3 134 144 176 184
3092 1 0 111 74 240
3093 1 0 105 74 236
3093 2 124 144 154 180
3093 3 134 149 176 188
3094 1 0 114 73 240
3094 2 124 144 154 180
3094 3 134 149 176 188
3095 1 0 110 73 240
3095 2 124 145 154 181
3095 3 134 150 176 189
3096 1 0 109 78 240
3096 2 124 146 154 182
3096 3 134 152 174 189
3097 1 0 113 77 240
3097 2 124 146 154 182
3097 3 135 152 175 189
3098 1 0 113 79 240
3098 2 125 147 155 183
3098 3 136 153 176 190
3099 1 0 114 80 240
3099 2 127 148 157 184
3099 3 138 153 178 190
3100 1 9 123 79 240
3100 2 128 147 158 183
3100 3 139 153 179 190
3101 1 10 124 80 240
3101 2 132 148 160 182
3101 3 140 154 180 196
3102 1 10 123 80 240
3102 2 131 148 160 182
3102 3 140 155 180 196
3103 1 5 120 78 240
3103 2 128 148 157 182
3103 3 136 154 176 195
3104 1 2 122 75 240
3104 2 126 149 154 183
3104 3 134 156 174 197
3105 1 0 123 70 240
3105 2 122 150 150 184
3105 3 130 156 170 197
3106 1 0 122 69 240
3106 2 119 148 148 182
3106 3 128 155 168 197
3107 1 0 121 64 240
3107 2 117 147 145 181
3107 3 125 153 165 195
3108 1 0 120 63 240
3108 2 116 148 144 182
3108 3 123 154 163 195
3109 1 0 120 63 240
3109 2 115 149 144 183
3109 3 127 153 169 191
3110 1 0 120 64 240
3110 2 116 150 144 184
3110 3 128 153 170 190
3111 1 0 119 66 240
3111 2 116 148 149 177
3111 3 129 151 171 188
3112 1 0 118 67 240
3112 2 116 146 150 175
3112 3 130 150 172 187
3113 1 0 115 70 240
3113 2 118 142 152 170
3113 3 130 146 174 184
3114 1 0 114 72 240
3114 2 120 140 152 168
3114 3 133 144 175 181
3115 1 0 112 72 240
3115 2 120 140 152 167
3115 3 133 143 175 180
3116 1 0 113 73 240
3116 2 120 141 152 168
3116 3 132 143 174 180
3117 1 0 114 72 240
3117 2 119 141 151 168
3117 3 132 143 174 180
3118 1 0 114 72 240
3118 2 118 141 150 168
3118 3 131 144 173 181
3119 1 0 115 74 240
3119 2 119 142 151 169
3119 3 132 145 174 182
3120 1 2 116 75 240
3120 2 121 142 153 170
3120 3 133 145 177 184
3121 1 7 117 80 240
3121 2 123 144 155 172
3121 3 136 147 180 186
3122 1 10 121 80 240
3122 2 125 145 157 173
3122 3 137 147 181 186
3123 1 11 122 81 240
3123 2 126 145 157 173
3123 3 135 147 182 188
3124 1 11 120 81 240
3124 2 124 144 158 173
3124 3 136 146 182 187
3125 1 10 120 80 240
3125 2 125 144 157 172
3125 3 141 146 182 190
3126 1 10 119 80 240
3126 2 125 144 157 171
3126 3 140 145 180 189
3127 1 8 119 78 240
3127 2 124 144 154 170
3127 3 138 145 178 189
3128 1 7 119 76 240
3128 2 123 144 153 170
3128 3 137 144 178 188
3129 1 5 119 75 240
3129 2 121 144 151 170
3129 3 137 145 176 187
3130 1 5 119 74 240
3130 2 120 144 151 170
3130 3 136 146 175 188
3131 1 4 120 74 240
3131 2 121 145 150 170
3131 3 135 146 174 188
3132 1 4 120 74 240
3132 2 121 146 150 171
3132 3 135 147 174 189
3133 1 4 121 74 240
3133 2 120 146 149 171
3133 3 135 148 174 190
3134 1 4 121 73 240
3134 2 120 147 148 172
3134 3 135 149 174 191
3135 1 3 122 73 240
3135 2 117 147 148 173
3135 3 134 150 172 192
3136 1 2 122 72 240
3136 2 117 146 147 172
3136 3 133 150 172 192
3137 1 1 122 71 240
3137 2 116 147 146 173
3137 3 132 150 171 192
3138 1 0 121 70 240
3138 2 116 147 146 173
3138 3 133 150 170 186
3139 1 0 121 69 240
3139 2 114 146 144 172
3139 3 132 149 169 185
3140 1 0 121 69 240
3140 2 114 146 142 171
3140 3 131 149 168 185
3141 1 0 121 69 240
3141 2 114 146 142 169
3141 3 130 147 169 185
3142 1 0 120 69 240
3142 2 114 145 142 169
3142 3 131 147 170 185
3143 1 0 120 70 240
3143 2 116 145 143 168
3143 3 130 146 171 186
3144 1 1 120 71 240
3144 2 116 144 143 168
3144 3 131 145 172 185
3145 1 3 122 73 240
3145 2 118 146 145 170
3145 3 134 148 172 185
3146 1 4 123 74 240
3146 2 118 148 145 172
3146 3 134 149 173 187
3147 1 4 125 74 240
3147 2 118 150 145 174
3147 3 134 150 173 188
3148 1 4 125 74 240
3148 2 118 150 145 174
3148 3 134 150 173 188
3149 1 4 124 73 240
3149 2 118 148 144 170
3149 3 134 148 173 186
3150 1 4 122 74 240
3150 2 119 145 145 168
3150 3 134 145 173 183
3151 1 5 116 75 240
3151 2 120 140 146 163
3151 3 135 139 174 177
3152 1 6 112 75 240
3152 2 117 134 146 156
3152 3 135 134 174 172
3153 1 3 105 76 240
3153 2 116 130 146 152
3153 3 134 130 173 167
3154 1 2 104 76 240
3154 2 115 128 144 150
3154 3 133 127 172 165
3155 1 0 104 73 240
3155 2 112 128 142 150
3155 3 132 126 170 164
3156 1 0 106 71 240
3156 2 110 129 140 151
3156 3 131 127 168 163
3157 1 0 107 72 240
3157 2 106 136 144 161
3157 3 130 135 168 171
3158 1 0 111 72 240
3158 2 107 141 144 165
3158 3 131 140 168 176
3159 1 0 115 74 240
3159 2 108 147 145 171
3159 3 132 148 170 184
3160 1 0 116 75 240
3160 2 110 150 146 173
3160 3 134 151 171 187
3161 1 2 120 75 240
3161 2 110 150 148 175
3161 3 135 152 172 188
3162 1 3 119 76 240
3162 2 111 149 148 174
3162 3 136 152 172 186
3163 1 3 118 76 240
3163 2 110 148 147 172
3163 3 137 151 170 183
3164 1 4 122 74 240
3164 2 108 148 148 173
3164 3 137 150 170 183
3165 1 3 123 73 240
3165 2 108 150 147 175
3165 3 135 151 168 184
3166 1 2 124 72 240
3166 2 106 149 146 175
3166 3 134 152 168 185
3167 1 2 124 72 240
3167 2 107 150 146 176
3167 3 134 153 168 186
3168 1 2 124 72 240
3168 2 105 149 146 176
3168 3 135 154 167 185
3169 1 3 124 72 240
3169 2 105 149 146 176
3169 3 136 154 168 185
3170 1 4 124 74 240
3170 2 105 149 146 176
3170 3 138 154 170 185
3171 1 26 127 96 240
3172 1 46 128 116 240
3173 1 57 130 127 240
3174 1 63 128 133 240
3175 1 66 130 133 240
3175 2 162 149 192 174
3175 3 188 153 226 190
3176 1 69 133 132 240
3176 2 163 147 193 172
3176 3 189 151 226 188
3177 1 71 136 131 240
3177 2 162 147 192 171
3177 3 189 150 226 186
3178 1 71 132 131 240
3178 2 161 143 192 167
3178 3 188 145 225 182
3179 1 68 125 131 240
3179 2 160 138 191 162
3179 3 187 140 224 177
3180 1 64 118 127 240
3180 2 156 131 186 156
3180 3 182 133 219 170
3181 1 60 114 123 239
3181 2 152 128 183 152
3181 3 180 131 215 166
3182 1 49 114 112 239
3182 2 145 125 174 148
3182 3 171 129 206 164
3183 1 44 114 107 239
3183 2 139 124 169 148
3183 3 165 128 202 164
3184 1 34 115 97 240
3184 2 129 125 160 149
3184 3 154 128 193 167
3185 1 27 119 90 240
3185 2 124 127 154 151
3185 3 148 130 188 168
3186 1 17 122 80 240
3186 2 115 129 146 153
3186 3 141 132 178 169
3187 1 12 121 76 240
3187 2 112 125 144 150
3187 3 139 129 174 164
3188 1 11 105 74 230
3188 2 109 113 141 138
3188 3 139 116 174 150
3189 1 9 92 76 223
3189 2 107 103 139 128
3189 3 138 105 173 140
3190 1 6 83 72 214
3190 2 104 97 136 122
3190 3 136 103 171 138
3191 1 4 82 71 213
3191 2 103 97 135 122
3191 3 134 104 169 139
3192 1 1 87 68 218
3192 2 99 100 133 127
3192 3 131 109 166 144
3193 1 0 90 66 229
3193 2 98 104 130 129
3193 3 130 110 165 145
3194 1 0 90 64 237
3194 2 96 108 127 132
3194 3 128 114 163 149
3195 1 0 92 63 238
3195 2 96 110 126 134
3195 3 128 115 163 150
3196 1 0 94 62 240
3196 2 94 112 124 136
3196 3 126 117 162 152
3197 1 0 95 61 240
3197 2 93 111 125 137
3197 3 126 117 161 152
3198 1 0 99 59 238
3198 2 90 111 124 137
3198 3 125 116 160 150
3199 1 0 99 58 238
3199 2 90 110 123 137
3199 3 124 116 159 151
3200 1 0 100 61 239
3200 2 91 112 124 138
3200 3 126 118 155 146
3201 1 0 104 63 240
3201 2 88 112 122 138
3201 3 127 119 157 147
3202 1 0 104 64 240
3202 2 89 112 122 138
3202 3 127 119 158 148
3203 1 0 104 65 240
3203 2 89 112 123 139
3203 3 127 119 157 148
3204 1 0 104 66 240
3204 2 90 112 123 138
3204 3 127 118 158 147
3205 1 2 104 68 240
3205 2 90 112 123 138
3205 3 126 116 158 147
3206 1 0 103 65 240
3206 2 88 110 122 137
3206 3 124 116 156 147
3207 1 0 102 63 240
3207 2 86 110 120 136
3207 3 122 116 154 146
3208 1 0 100 56 240
3208 2 80 109 114 136
3208 3 117 116 149 146
3209 1 0 101 50 240
3209 2 73 109 108 136
3209 3 112 117 144 148
3210 1 0 101 39 240
3210 2 62 111 97 138
3210 3 102 119 134 150
3211 1 0 64 -1 203
3211 2 58 112 92 138
3211 3 97 120 130 151
3211 4 0 113 30 150
3212 1 0 66 1 206
3212 2 54 114 87 140
3212 3 94 123 125 152
3212 4 0 116 24 153
3213 1 0 66 1 212
3213 2 53 116 86 142
3213 3 94 124 125 153
3213 4 0 118 24 155
3214 1 0 69 1 209
3214 2 53 117 87 143
3214 3 94 124 125 153
3214 4 0 121 26 157
3215 1 0 72 1 211
3215 2 54 117 87 144
3215 3 94 123 125 152
3215 4 0 122 24 156
3216 1 0 62 1 208
3216 2 53 116 87 142
3216 3 94 122 125 152
3216 4 0 120 24 155
3217 1 0 59 1 213
3217 2 53 116 86 142
3217 3 94 122 125 151
3217 4 0 119 25 154
3218 1 0 52 1 213
3218 2 52 114 86 140
3218 3 93 120 124 150
3218 4 0 118 25 152
3219 1 0 57 1 210
3219 2 51 113 86 141
3219 3 93 120 124 149
3219 4 0 118 24 151
3220 1 0 50 1 212
3220 2 52 112 87 139
3220 3 93 120 124 150
3220 4 0 116 26 151
3221 1 0 58 1 219
3221 2 52 112 87 139
3221 3 93 120 124 149
3221 4 0 116 27 151
3222 1 0 86 1 240
3222 2 54 112 90 140
3222 3 94 120 125 149
3222 4 0 116 30 151
3223 1 0 98 1 240
3223 2 55 113 90 140
3223 3 95 121 126 151
3223 4 0 117 31 152
3224 1 0 104 1 240
3224 2 58 115 93 143
3224 3 98 123 128 153
3224 4 0 108 36 224
3225 1 0 102 1 240
3225 2 59 117 94 144
3225 3 98 125 129 154
3225 4 0 108 37 224
3226 1 0 106 1 240
3226 2 60 120 96 148
3226 3 101 128 131 158
3226 4 0 112 40 228
3227 1 0 110 1 240
3227 2 61 122 96 150
3227 3 101 130 132 160
3227 4 0 113 40 229
3228 1 0 114 1 240
3228 2 62 126 96 153
3228 3 102 133 132 162
3228 4 0 116 42 232
3229 1 0 112 1 240
3229 2 63 127 96 153
3229 3 102 134 133 164
3229 4 0 116 42 232
3230 1 0 108 1 240
3230 2 63 127 97 153
3230 3 104 132 134 162
3230 4 0 115 44 231
3231 1 0 107 1 240
3231 2 63 124 97 151
3231 3 104 131 135 161
3231 4 0 114 44 230
3232 1 0 106 1 240
3232 2 61 123 96 150
3232 3 104 130 135 159
3232 4 0 109 44 231
3233 1 0 104 1 240
3233 2 61 122 96 150
3233 3 105 130 134 158
3233 4 0 108 44 230
3234 1 0 104 1 240
3234 2 61 122 96 149
3234 3 104 130 133 158
3234 4 0 111 43 227
3235 1 0 103 2 240
3235 2 62 121 97 149
3235 3 104 131 133 159
3235 4 0 110 44 226
3236 1 0 100 1 240
3236 2 62 121 97 149
3236 3 104 131 133 159
3236 4 0 110 44 226
3237 1 0 101 0 240
3237 2 62 121 97 149
3237 3 104 130 133 158
3237 4 0 110 44 226
3238 1 0 101 0 240
3238 2 62 121 97 148
3238 3 103 131 132 159
3238 4 0 110 44 226
3239 1 0 100 1 240
3239 2 61 121 96 148
3239 3 102 130 133 159
3239 4 0 110 43 226
3240 1 0 102 1 240
3240 2 61 120 96 148
3240 3 102 129 133 158
3240 4 0 106 44 228
3241 1 0 102 0 240
3241 2 60 120 96 147
3241 3 102 129 133 158
3241 4 0 105 44 227
3242 1 0 94 0 240
3242 2 60 120 96 147
3242 3 102 129 133 158
3242 4 0 104 45 226
3243 1 0 90 1 240
3243 2 66 121 103 150
3243 3 105 128 136 158
3243 4 0 103 46 225
3244 1 0 86 1 240
3244 2 65 121 104 152
3244 3 105 130 135 159
3244 4 0 106 45 222
3245 1 0 86 0 240
3245 2 64 121 104 153
3245 3 104 131 135 160
3245 4 0 108 45 224
3246 1 0 88 0 240
3246 2 65 123 104 154
3246 3 104 132 135 161
3246 4 0 109 45 225
3247 1 0 88 0 240
3247 2 65 124 104 154
3247 3 105 133 136 162
3247 4 0 110 46 226
3248 1 0 91 0 240
3248 2 65 124 104 155
3248 3 105 134 136 163
3248 4 0 108 46 229
3249 1 0 86 1 240
3249 2 65 125 104 155
3249 3 104 134 135 164
3249 4 0 105 47 233
3250 1 0 84 1 240
3250 2 64 126 103 157
3250 3 103 134 136 165
3250 4 0 105 47 233
3251 1 0 86 1 240
3251 2 64 127 102 158
3251 3 103 136 135 166
3251 4 0 106 46 234
3252 1 0 88 0 240
3252 2 63 128 102 158
3252 3 103 137 135 168
3252 4 0 121 44 226
3253 1 0 89 1 240
3253 2 63 129 102 159
3253 3 103 137 135 168
3253 4 0 122 44 226
3254 1 0 93 1 240
3254 2 64 130 102 160
3254 3 103 138 135 169
3254 4 0 122 45 226
3255 1 0 90 1 240
3255 2 64 130 102 160
3255 3 103 138 135 168
3255 4 0 122 46 226
3256 1 0 92 0 240
3256 2 64 130 103 160
3256 3 104 137 136 168
3256 4 0 121 47 225
3257 1 0 84 1 240
3257 2 64 129 103 160
3257 3 105 138 136 167
3257 4 0 121 47 225
3258 1 0 86 1 240
3258 2 64 128 104 160
3258 3 106 137 136 166
3258 4 0 120 48 236
3259 1 0 86 0 240
3259 2 64 128 105 160
3259 3 106 137 138 168
3259 4 0 121 48 236
3260 1 0 86 0 240
3260 2 66 129 106 161
3260 3 106 138 139 169
3260 4 0 122 48 237
3261 1 0 82 1 240
3261 2 66 130 106 162
3261 3 107 140 139 170
3261 4 0 124 49 238
3262 1 0 83 0 240
3262 2 68 132 106 163
3262 3 108 141 140 172
3262 4 0 124 52 240
3263 1 0 81 1 240
3263 2 68 133 107 164
3263 3 108 142 140 172
3263 4 0 124 52 240
3264 1 0 83 1 240
3264 2 69 134 108 165
3264 3 108 142 140 173
3264 4 0 124 53 240
3265 1 0 72 1 240
3265 2 69 135 108 166
3265 3 109 144 139 173
3265 4 0 126 52 240
3266 1 0 51 3 240
3266 2 70 136 109 166
3266 3 110 145 140 175
3266 4 0 126 54 240
3267 1 0 34 3 240
3267 2 71 137 110 167
3267 3 110 146 141 176
3267 4 0 127 56 240
3268 1 0 29 3 240
3268 2 71 138 110 168
3268 3 110 147 142 177
3268 4 0 128 56 240
3269 1 0 24 2 240
3269 2 71 139 110 169
3269 3 110 147 142 178
3269 4 0 129 56 240
3270 1 0 16 2 240
3270 2 71 139 110 170
3270 3 110 148 142 178
3270 4 0 130 56 240
3271 1 72 139 110 170
3271 2 110 148 142 179
3271 3 0 130 57 240
3272 1 73 140 112 170
3272 2 112 149 142 178
3272 3 0 130 58 240
3273 1 74 140 112 170
3273 2 112 149 143 179
3273 3 0 129 60 240
3274 1 75 140 114 170
3274 2 114 150 144 179
3274 3 0 126 62 240
3275 1 76 141 114 171
3275 2 114 150 144 179
3275 3 0 126 64 240
3276 1 75 142 114 172
3276 2 114 151 145 180
3276 3 0 124 64 240
3277 1 76 142 114 173
3277 2 114 152 144 182
3277 3 0 125 63 240
3278 1 75 145 114 176
3278 2 114 154 144 183
3278 3 0 127 64 240
3279 1 75 146 114 176
3279 2 114 155 144 184
3279 3 0 128 65 240
3280 1 75 148 114 179
3280 2 113 156 145 186
3280 3 0 129 64 240
3281 1 75 149 114 180
3281 2 113 158 145 188
3281 3 0 131 64 240
3282 1 74 152 112 182
3282 2 112 159 144 190
3282 3 0 133 64 240
3283 1 73 153 112 183
3283 2 112 161 144 192
3283 3 0 138 62 240
3284 1 73 156 111 186
3284 2 111 163 143 194
3284 3 0 141 61 240
3285 1 73 158 112 188
3285 2 110 165 143 196
3285 3 0 146 60 240
3286 1 74 163 110 186
3286 2 118 168 142 198
3286 3 0 149 59 240
3287 1 74 164 109 187
3287 2 117 168 142 199
3287 3 0 153 57 240
3288 1 73 166 108 190
3288 2 116 170 141 201
3288 3 0 159 55 240
3289 1 72 167 107 190
3289 2 116 171 141 202
3289 3 0 160 54 240
3290 1 72 168 107 191
3290 2 115 171 140 202
3290 3 0 162 53 240
3291 1 71 168 107 192
3291 2 115 172 140 202
3291 3 0 161 53 240
3292 1 74 169 108 191
3292 2 116 171 141 202
3292 3 0 161 54 240
3293 1 74 168 109 191
3293 2 117 170 142 201
3293 3 0 159 56 240
3294 1 76 166 112 189
3294 2 119 168 144 199
3294 3 0 156 58 240
3295 1 77 164 112 188
3295 2 119 167 144 198
3295 3 0 154 60 240
3296 1 76 161 114 186
3296 2 120 165 145 196
3296 3 0 152 62 240
3297 1 77 159 114 184
3297 2 120 164 145 195
3297 3 0 151 63 240
3298 1 77 158 114 182
3298 2 120 163 145 194
3298 3 0 150 63 240
3299 1 78 158 114 182
3299 2 120 163 145 194
3299 3 0 150 63 240
3300 1 76 158 112 182
3300 2 119 163 144 194
3300 3 0 150 62 240
3301 1 76 160 111 183
3301 2 119 164 144 195
3301 3 9 154 62 240
3302 1 74 162 111 187
3302 2 118 167 143 198
3302 3 8 157 61 240
3303 1 74 164 111 189
3303 2 118 170 142 199
3303 3 8 159 61 240
3304 1 74 167 110 190
3304 2 118 170 141 199
3304 3 8 160 61 240
3305 1 74 166 110 190
3305 2 118 170 142 199
3305 3 9 160 62 240
3306 1 76 163 113 188
3306 2 120 167 143 196
3306 3 12 158 65 240
3307 1 78 162 115 186
3307 2 121 166 144 195
3307 3 14 156 67 240
3308 1 80 160 117 185
3308 2 124 164 147 193
3308 3 18 155 71 240
3309 1 80 161 118 186
3309 2 125 163 149 192
3309 3 20 155 74 240
3310 1 84 162 121 186
3310 2 128 164 151 193
3310 3 24 155 77 240
3311 1 84 162 123 187
3311 2 129 164 152 193
3311 3 27 158 78 240
3312 1 84 163 123 189
3312 2 129 167 153 196
3312 3 28 159 78 240
3313 1 84 164 124 190
3313 2 129 168 153 197
3313 3 27 161 78 240
3314 1 86 167 124 193
3314 2 129 171 154 201
3314 3 29 162 79 240
3315 1 87 168 126 194
3315 2 130 173 154 204
3315 3 30 163 80 240
3316 1 88 170 127 195
3316 2 131 174 156 205
3316 3 33 166 82 240
3317 1 89 169 128 195
3317 2 132 173 156 204
3317 3 35 166 83 240
3318 1 89 166 128 192
3318 2 133 169 158 200
3318 3 37 162 86 240
3319 1 90 163 129 189
3319 2 134 166 159 197
3319 3 39 160 87 240
3320 1 93 158 132 184
3320 2 136 162 161 192
3320 3 42 155 90 240
3321 1 93 156 132 182
3321 2 137 159 162 190
3321 3 43 153 91 240
3322 1 94 155 133 180
3322 2 138 157 163 188
3322 3 45 153 93 240
3323 1 94 154 133 179
3323 2 142 157 167 188
3323 3 46 152 94 240
3701 1 92 139 120 173
3701 2 140 140 166 160
3701 3 156 141 174 167
3702 1 92 140 120 173
3702 2 140 141 165 160
3702 3 156 141 174 167
3703 1 93 142 120 175
3703 2 141 142 166 162
3703 3 157 143 174 169
3704 1 93 142 120 176
3704 2 141 144 166 163
3704 3 157 144 175 170
3705 1 95 145 122 178
3705 2 143 146 168 165
3705 3 159 147 176 173
3706 1 96 146 124 180
3706 2 143 147 169 166
3706 3 160 148 178 175
3707 1 99 148 126 182
3707 2 146 149 172 169
3707 3 162 150 181 177
3708 1 101 149 128 182
3708 2 147 150 174 170
3708 3 164 150 182 178
3709 1 103 149 130 183
3709 2 149 150 176 171
3709 3 167 151 185 178
3710 1 104 149 132 183
3710 2 150 150 178 167
3710 3 168 150 186 178
3711 1 106 148 134 182
3711 2 152 148 180 166
3711 3 169 149 188 176
3712 1 107 146 135 180
3712 2 152 147 180 165
3712 3 170 148 188 175
3713 1 109 145 136 179
3713 2 154 145 182 163
3713 3 171 147 190 174
3714 1 110 145 137 179
3714 2 159 146 189 164
3714 3 172 146 190 173
3715 1 111 145 138 179
3715 2 159 146 189 164
3715 3 172 147 190 174
3716 1 111 145 138 179
3716 2 158 146 188 164
3716 3 172 147 190 175
3717 1 108 145 137 180
3717 2 156 147 186 165
3717 3 170 148 188 175
3718 1 107 145 136 181
3718 2 155 147 185 165
3718 3 168 147 186 176
3719 1 106 147 135 183
3719 2 152 147 183 165
3719 3 165 148 183 175
3720 1 105 145 133 181
3720 2 151 146 182 165
3720 3 164 146 182 174
3721 1 104 144 132 180
3721 2 156 144 184 164
3721 3 163 146 181 173
3722 1 104 144 132 179
3722 2 156 144 184 164
3722 3 162 145 180 172
3723 1 105 142 133 178
3723 2 156 143 184 163
3723 3 162 144 180 171
3724 1 105 142 134 178
3724 2 156 142 184 162
3724 3 163 144 181 171
3725 1 106 143 135 178
3725 2 158 143 186 163
3725 3 164 144 182 172
3726 1 108 144 136 179
3726 2 158 143 186 163
3726 3 165 145 183 172
3727 1 110 144 138 180
3727 2 160 144 187 163
3727 3 166 145 184 172
3728 1 111 145 140 181
3728 2 161 145 188 164
3728 3 165 146 183 174
3729 1 113 146 141 182
3729 2 162 147 189 166
3729 3 166 148 184 175
3730 1 114 147 142 182
3730 2 163 148 198 167
3730 3 167 148 185 175
3731 1 115 147 144 183
3731 2 164 148 199 167
3731 3 168 148 186 175
3732 1 116 147 145 183
3732 2 164 148 199 167
3732 3 168 148 186 175
3733 1 116 148 144 184
3733 2 163 148 198 167
3733 3 168 149 186 176
3734 1 120 149 140 182
3734 2 163 150 198 169
3734 3 167 150 185 177
3735 1 119 151 140 184
3735 2 163 152 198 171
3735 3 166 153 184 180
3736 1 118 151 140 185
3736 2 163 152 198 172
3736 3 166 153 184 180
3737 1 119 151 140 186
3737 2 163 153 198 172
3737 3 166 153 184 180
3738 1 119 151 140 186
3738 2 164 152 199 172
3738 3 167 153 185 180
3739 1 119 151 140 186
3739 2 164 152 198 171
3739 3 166 153 184 180
3740 1 119 151 140 186
3740 2 164 155 199 174
3740 3 166 152 184 180
3741 1 118 151 140 185
3741 2 172 154 197 171
3741 3 165 151 183 178
3742 1 117 150 139 185
3742 2 172 154 196 170
3742 3 164 150 183 179
3743 1 116 149 138 183
3743 2 170 151 194 168
3743 3 163 148 182 177
3744 1 116 146 138 181
3744 2 170 150 194 166
3744 3 162 146 181 175
3745 1 116 144 138 179
3745 2 170 148 194 164
3745 3 161 145 180 174
3746 1 116 144 138 179
3746 2 170 148 194 164
3746 3 161 142 180 170
3747 1 117 145 138 179
3747 2 169 148 195 165
3747 3 161 142 180 171
3748 1 118 146 138 179
3748 2 169 148 195 166
3748 3 161 143 180 172
3749 1 119 147 139 180
3749 2 169 149 195 166
3749 3 161 144 180 172
3750 1 120 147 140 180
3750 2 170 149 196 166
3750 3 162 144 180 172
3751 1 123 147 143 180
3751 2 172 148 199 166
3751 3 164 143 183 172
3752 1 125 147 145 180
3752 2 174 148 200 166
3752 3 166 142 185 171
3753 1 128 146 148 179
3753 2 176 147 203 165
3753 3 167 142 186 170
3754 1 128 147 148 180
3754 2 177 147 204 165
3754 3 168 142 186 170
3755 1 129 147 150 180
3755 2 178 148 205 166
3755 3 168 143 187 172
3756 1 131 148 151 181
3756 2 180 149 205 166
3756 3 169 144 188 173
3757 1 133 147 154 180
3757 2 182 150 207 167
3757 3 171 144 190 173
3758 1 134 147 154 180
3758 2 183 150 208 166
3758 3 171 143 190 171
3759 1 134 146 155 179
3759 2 186 148 209 164
3759 3 170 140 189 169
3760 1 134 144 154 176
3760 2 185 146 208 162
3760 3 168 138 187 166
3761 1 132 137 152 169
3761 2 180 134 206 160
3761 3 160 132 185 167
3762 1 132 134 151 165
3762 2 179 132 205 157
3762 3 159 129 184 164
3763 1 132 129 151 160
3763 2 178 128 204 153
3763 3 159 124 183 159
3764 1 132 128 151 160
3764 2 178 127 204 152
3764 3 159 124 183 159
3765 1 132 128 152 160
3765 2 179 127 205 152
3765 3 159 124 184 160
3766 1 133 130 153 162
3766 2 179 129 205 154
3766 3 159 126 184 162
3767 1 134 135 154 166
3767 2 180 133 206 158
3767 3 160 131 185 166
3768 1 136 137 155 169
3768 2 181 135 207 160
3768 3 161 133 187 170
3769 1 137 143 156 174
3769 2 182 140 208 165
3769 3 160 138 186 176
3770 1 138 145 157 176
3770 2 182 140 208 166
3770 3 161 140 187 178
3771 1 138 146 158 177
3771 2 186 141 213 167
3771 3 163 138 189 176
3772 1 138 146 157 177
3772 2 186 140 213 166
3772 3 163 138 189 175
3773 1 138 143 157 175
3773 2 186 138 213 164
3773 3 162 135 188 172
3774 1 138 142 158 174
3774 2 186 137 213 163
3774 3 161 133 188 172
3775 1 139 143 158 174
3775 2 186 137 213 163
3775 3 161 133 188 172
3776 1 140 143 159 174
3776 2 186 138 213 164
3776 3 161 133 188 172
3777 1 141 144 160 175
3777 2 187 139 214 165
3777 3 162 135 190 174
3778 1 142 146 162 178
3778 2 187 141 214 167
3778 3 162 136 190 175
3779 1 144 150 163 181
3779 2 189 145 216 171
3779 3 164 140 191 179
3780 1 145 152 164 183
3780 2 190 146 217 172
3780 3 164 141 192 180
3781 1 145 154 164 186
3781 2 188 148 216 174
3781 3 164 143 191 182
3782 1 144 154 164 185
3782 2 188 148 215 174
3782 3 163 144 190 182
3783 1 144 154 164 185
3783 2 193 148 220 174
3783 3 163 143 190 182
3784 1 145 154 165 185
3784 2 193 148 220 174
3784 3 163 143 190 182
3785 1 145 154 165 186
3785 2 194 148 221 174
3785 3 163 143 190 182
3786 1 146 155 166 186
3786 2 194 148 221 174
3786 3 163 145 189 182
3787 1 147 156 166 187
3787 2 194 149 222 175
3787 3 164 146 190 184
3788 1 148 155 168 187
3788 2 195 148 222 175
3788 3 164 145 191 184
3789 1 149 154 168 186
3789 2 195 148 222 174
3789 3 162 144 191 185
3790 1 149 154 169 186
3790 2 195 147 222 174
3790 3 162 143 190 184
3791 1 150 155 170 186
3791 2 196 148 224 174
3791 3 161 148 188 187
3792 1 151 156 170 187
3792 2 197 149 224 175
3792 3 161 148 188 187
3793 1 152 158 172 189
3793 2 198 150 226 177
3793 3 162 148 190 189
3794 1 152 157 172 189
3794 2 201 152 228 179
3794 3 162 148 190 189
3795 1 152 156 173 189
3795 2 201 152 228 178
3795 3 162 147 191 188
3796 1 152 155 172 188
3796 2 200 150 227 177
3796 3 162 145 190 186
3797 1 151 155 172 188
3797 2 199 150 226 176
3797 3 160 145 189 186
3798 1 150 155 171 188
3798 2 198 150 224 175
3798 3 160 144 188 185
3799 1 149 156 170 189
3799 2 198 152 224 176
3799 3 158 145 187 186
3800 1 149 156 169 189
3800 2 197 152 223 177
3800 3 157 146 186 187
3801 1 148 156 168 189
3801 2 195 153 220 178
3801 3 155 144 185 187
3802 1 146 156 166 189
3802 2 193 153 219 178
3802 3 143 144 183 187
3803 1 141 156 161 188
3803 2 187 152 213 177
3803 3 137 143 177 186
3804 1 137 155 158 188
3804 2 183 152 209 177
3804 3 128 143 173 184
3805 1 131 156 152 189
3805 2 178 152 204 177
3805 3 122 144 167 185
3806 1 130 157 150 190
3806 2 176 152 202 177
3806 3 120 145 165 186
3807 1 130 159 150 192
3807 2 176 153 202 178
3807 3 119 147 164 188
3808 1 130 160 150 193
3808 2 176 154 202 179
3808 3 110 148 164 189
3809 1 131 160 151 193
3809 2 177 153 204 179
3809 3 110 149 165 190
3810 1 132 160 152 193
3810 2 178 154 205 180
3810 3 112 148 166 190
3811 1 132 160 152 193
3811 2 180 153 207 179
3811 3 112 147 169 191
3812 1 181 152 208 178
3812 2 113 146 170 189
3813 1 182 153 209 179
3813 2 119 144 176 188
3814 1 183 152 210 178
3814 2 120 144 176 187
3815 1 183 152 210 178
3815 2 120 143 177 187
3816 1 182 151 211 178
3816 2 123 140 177 181
3817 1 183 151 211 179
3817 2 121 144 175 185
3818 1 183 152 211 179
3818 2 122 144 176 185
3819 1 183 152 213 180
3819 2 123 146 177 187
3820 1 183 152 214 182
3820 2 123 146 177 187
3821 1 184 154 215 184
3821 2 115 143 178 189
3822 1 184 155 215 185
3822 2 114 144 177 190
3823 1 184 157 215 187
3823 2 114 145 177 192
3824 1 184 158 215 188
3824 2 113 146 176 192
3825 1 184 160 215 190
3825 2 112 147 174 194
3826 1 184 160 216 190
3826 2 112 150 172 194
3827 1 184 160 216 190
3827 2 104 151 172 195
3828 1 184 159 216 189
3828 2 103 150 171 195
3829 1 184 158 216 188
3829 2 101 149 172 196
3830 1 184 158 215 188
3830 2 102 149 170 193
3831 1 182 155 215 186
3831 2 100 141 174 196
3832 1 181 154 214 186
3832 2 98 135 172 190
3833 1 181 153 214 185
3833 2 97 136 171 191
3834 1 180 154 213 185
3834 2 96 137 170 192
3835 1 144 160 167 198
3835 2 180 153 213 185
3835 3 96 138 169 192
3836 1 143 160 166 198
3836 2 180 153 212 185
3836 3 95 138 168 192
3837 1 143 161 166 199
3837 2 180 153 213 184
3837 3 95 138 168 193
3838 1 145 160 168 198
3838 2 182 153 215 185
3838 3 96 138 169 192
3839 1 152 158 176 196
3839 2 185 152 218 184
3839 3 102 138 172 190
3840 1 154 156 178 196
3840 2 188 153 219 183
3840 3 102 138 172 190
3841 1 155 156 180 195
3841 2 190 154 220 182
3841 3 105 138 172 188
3842 1 157 156 182 196
3842 2 193 153 222 182
3842 3 109 140 176 189
3843 1 158 156 183 196
3843 2 194 154 224 182
3843 3 110 139 176 189
3844 1 160 156 184 196
3844 2 195 154 225 183
3844 3 108 139 178 191
3845 1 160 157 184 196
3845 2 196 154 226 183
3845 3 107 138 180 192
3846 1 160 156 185 196
3846 2 196 154 226 183
3846 3 104 135 181 192
3847 1 160 155 186 196
3847 2 198 154 227 182
3847 3 104 133 181 190
3848 1 161 154 188 198
3848 2 200 154 230 182
3848 3 103 130 184 190
3849 1 169 155 196 188
3849 2 204 153 233 182
3849 3 101 133 181 192
3850 1 176 155 204 190
3850 2 210 153 242 183
3850 3 106 134 190 196
3851 1 181 156 209 191
3851 2 216 154 247 184
3851 3 109 133 198 198
3852 1 190 157 218 192
3852 2 224 155 255 185
3852 3 116 134 204 199
3853 1 192 158 219 192
3853 2 226 155 258 186
3853 3 116 135 205 200
3854 1 194 158 221 192
3854 2 228 156 259 186
3854 3 112 137 205 203
3855 1 195 158 221 192
3855 2 228 156 259 186
3855 3 112 137 204 203
3856 1 194 158 221 191
3856 2 230 152 258 193
3856 3 110 137 202 203
3857 1 194 157 221 190
3857 2 229 151 258 192
3857 3 106 135 203 204
3858 1 194 156 220 189
3858 2 227 148 258 191
3858 3 91 134 201 196
3859 1 193 154 221 189
3859 2 226 148 257 191
3859 3 90 134 199 196
3860 1 192 155 219 188
3860 2 225 147 255 190
3860 3 98 134 198 195
3861 1 192 155 218 188
3861 2 224 148 254 190
3861 3 98 135 198 195
3862 1 190 155 218 190
3862 2 222 148 253 190
3862 3 105 135 197 202
3863 1 190 155 218 190
3863 2 222 148 252 190
3863 3 105 135 197 203
3864 1 192 154 220 190
3864 2 224 147 254 190
3864 3 107 133 198 201
3865 1 193 154 221 189
3865 2 225 147 255 190
3865 3 107 133 198 201
3866 1 195 153 223 188
3866 2 225 146 257 191
3866 3 110 133 198 198
3867 1 196 153 224 188
3867 2 226 145 257 190
3867 3 98 134 197 204
3868 1 198 153 226 188
3868 2 227 145 258 190
3868 3 99 134 197 204
3869 1 198 153 226 188
3869 2 228 145 259 190
3869 3 100 134 198 204
3870 1 230 146 261 192
3870 2 100 134 198 204
3871 1 200 153 228 188
3871 2 224 147 257 179
3871 3 76 133 198 197
3872 1 201 152 229 187
3872 2 223 147 258 181
3872 3 76 135 197 198
3873 1 201 152 229 187
3873 2 223 148 257 181
3873 3 75 135 196 198
3874 1 200 151 228 186
3874 2 222 148 256 181
3874 3 70 137 197 203
3875 1 199 151 227 186
3875 2 220 147 254 180
3875 3 66 137 194 204
3876 1 192 149 221 186
3876 2 212 146 247 179
3876 3 55 130 183 196
3877 1 188 148 217 185
3877 2 208 144 242 178
3877 3 46 126 180 196
3878 1 179 145 208 182
3878 2 199 142 234 175
3878 3 36 124 170 194
3879 1 175 144 204 180
3879 2 200 146 223 184
3879 3 36 112 163 178
3880 1 170 142 200 178
3880 2 195 144 218 182
3880 3 28 110 155 177
3881 1 168 141 198 178
3881 2 194 143 216 181
3881 3 26 110 153 177
3882 1 168 141 197 177
3882 2 192 144 215 181
3882 3 22 112 150 178
3883 1 166 140 197 179
3883 2 191 144 214 181
3883 3 14 111 148 197
3884 1 164 141 195 179
3884 2 189 144 212 182
3884 3 7 106 149 209
3885 1 163 141 194 180
3885 2 187 144 211 183
3885 3 5 107 147 210
3886 1 161 142 192 180
3886 2 185 145 208 183
3886 3 4 110 139 208
3887 1 161 141 192 180
3887 2 180 141 206 173
3887 3 2 111 137 208
3888 1 160 141 191 180
3888 2 180 141 206 173
3888 3 0 111 138 213
3889 1 160 141 191 180
3889 2 179 140 205 172
3889 3 0 103 140 206
3890 1 160 141 191 179
3890 2 178 140 204 172
3890 3 0 104 138 206
3891 1 160 141 190 180
3891 2 178 141 204 173
3891 3 4 99 146 210
3892 1 160 141 191 180
3892 2 179 141 205 173
3892 3 3 100 144 211
3893 1 160 142 191 181
3893 2 179 142 204 174
3893 3 3 102 145 213
3894 1 160 142 192 182
3894 2 178 143 204 175
3894 3 4 101 146 212
3895 1 160 143 192 183
3895 2 178 143 204 175
3895 3 3 101 144 212
3896 1 160 144 190 182
3896 2 178 144 203 176
3896 3 4 99 145 210
3897 1 160 144 191 182
3897 2 177 144 203 176
3897 3 0 93 129 204
3898 1 160 144 190 182
3898 2 177 143 203 175
3898 3 0 92 127 204
3899 1 0 92 129 209
3900 1 163 145 186 184
3900 2 178 140 204 172
3900 3 0 87 126 204
3901 1 163 146 186 184
3901 2 178 139 204 171
3901 3 0 85 123 202
3902 1 162 146 185 184
3902 2 177 139 203 171
3902 3 0 85 121 202
3903 1 162 145 185 183
3903 2 176 139 202 171
3903 3 0 86 119 203
3904 1 162 145 184 183
3904 2 176 140 202 172
3904 3 0 88 118 210
3905 1 162 145 185 183
3905 2 176 139 202 172
3905 3 0 86 116 209
3906 1 162 144 185 182
3906 2 175 138 202 172
3906 3 0 85 114 208
3907 1 162 144 185 182
3907 2 176 138 202 172
3907 3 0 85 112 208
3908 1 163 144 185 182
3908 2 176 138 203 172
3908 3 0 98 114 198
3909 1 164 144 186 182
3909 2 176 138 203 172
3909 3 0 97 113 197
3910 1 165 144 188 182
3910 2 178 139 204 171
3910 3 0 98 112 199
3911 1 166 145 188 183
3911 2 178 139 204 171
3911 3 0 100 115 189
3912 1 166 144 188 182
3912 2 178 138 204 170
3912 3 0 99 112 188
3913 1 166 144 188 182
3913 2 179 138 205 170
3913 3 0 108 114 208
3914 1 167 144 189 182
3914 2 178 137 205 171
3914 3 0 110 112 209
3915 1 167 144 189 182
3915 2 177 137 206 172
3915 3 0 108 109 208
3916 1 172 145 194 183
3916 2 177 137 206 172
3916 3 0 107 106 207
3917 1 172 145 194 183
3917 2 178 138 204 171
3917 3 0 108 116 200
3918 1 171 146 194 184
3918 2 177 139 204 173
3918 3 0 106 112 197
3919 1 171 147 193 185
3919 2 176 140 203 174
3919 3 0 107 105 194
3920 1 170 149 192 187
3920 2 176 141 203 175
3920 3 0 113 108 208
3921 1 170 149 192 187
3921 2 176 142 203 176
3921 3 0 107 104 202
3922 1 170 149 192 187
3922 2 176 142 203 176
3922 3 0 112 104 207
3923 1 170 149 192 187
3923 2 176 142 202 176
3923 3 0 109 108 209
3924 1 170 148 192 186
3924 2 175 141 202 175
3924 3 0 112 96 212
3925 1 170 148 192 186
3925 2 175 141 202 175
3925 3 0 118 84 202
3926 1 170 147 192 185
3926 2 176 141 202 175
3926 3 0 117 78 201
3927 1 170 147 193 185
3927 2 176 142 203 175
3927 3 0 118 86 203
3928 1 170 145 193 183
3928 2 176 139 203 173
3928 3 0 108 85 206
3929 1 170 144 193 182
3929 2 176 139 203 172
3929 3 0 109 84 207
3930 1 170 145 193 183
3930 2 179 138 207 173
3930 3 0 109 83 207
3931 1 170 145 192 183
3931 2 179 138 207 173
3931 3 0 109 82 207
3932 1 168 146 190 184
3932 2 0 128 81 221
3933 1 169 146 191 184
3933 2 177 138 207 173
3933 3 0 143 62 198
3934 1 168 146 191 184
3934 2 176 138 207 174
3934 3 0 141 63 196
3935 1 168 147 191 185
3935 2 177 138 207 174
3935 3 0 137 66 192
3936 1 167 146 190 185
3936 2 176 137 208 174
3936 3 0 132 62 207
3937 1 167 145 190 185
3937 2 175 136 208 173
3937 3 0 131 57 219
3938 1 167 145 190 184
3938 2 175 136 207 173
3938 3 0 131 55 219
3939 1 167 145 190 185
3939 2 174 135 208 174
3939 3 0 134 51 222
3940 1 167 145 190 185
3940 2 174 136 208 175
3940 3 0 149 46 200
3941 1 167 145 190 185
3941 2 174 135 208 174
3941 3 0 153 45 204
3942 1 169 149 193 189
3942 2 174 135 208 174
3942 3 0 148 48 201
3943 1 170 150 193 190
3943 2 175 135 208 174
3943 3 0 150 40 224
3944 1 170 150 194 190
3944 2 175 135 208 174
3944 3 0 152 36 230
3945 1 176 136 209 175
3945 2 0 152 35 230
3946 1 175 152 198 192
3946 2 171 136 204 175
3946 3 0 148 33 226
3947 1 175 152 198 192
3947 2 171 136 204 175
3948 1 175 152 198 192
3948 2 171 136 204 175
3949 1 175 152 198 192
3949 2 171 136 204 176
3950 1 173 153 197 193
3950 2 169 136 205 177
3951 1 173 150 198 192
3951 2 170 136 205 177
3952 1 173 151 198 192
3952 2 168 135 204 176
3953 1 173 151 197 193
3953 2 168 136 204 177
3954 1 173 151 197 193
3954 2 168 136 203 176
3955 1 173 152 197 193
3955 2 168 136 203 177
3956 1 173 152 197 194
3956 2 167 136 203 176
3957 1 173 152 197 193
3957 2 167 135 202 176
3958 1 172 153 196 195
3958 2 165 135 202 178
3959 1 172 154 196 195
3959 2 166 137 201 178
3960 1 171 155 196 197
3960 2 165 138 200 178
3961 1 170 154 192 194
3961 2 165 138 200 179
3962 1 170 154 192 194
3962 2 164 137 199 178
3963 1 173 159 191 193
3963 2 164 137 199 178
3964 1 172 158 189 192
3964 2 163 137 199 178
3965 1 170 157 188 191
3965 2 161 134 198 177
3966 1 165 154 183 189
3966 2 155 131 192 174
3967 1 150 131 187 174
3968 1 143 131 180 174
3969 1 148 153 169 192
3969 2 140 130 179 175
3970 1 153 151 174 191
3970 2 142 129 181 174
3971 1 154 150 176 191
3971 2 144 130 183 175
3972 1 153 149 175 190
3972 2 147 130 186 175
3973 1 156 152 178 193
3973 2 146 130 187 177
3975 1 140 133 188 183
3976 1 140 134 188 184
3977 1 140 135 188 186
3978 1 142 137 190 187
3981 1 126 137 190 187
3982 1 126 137 199 187
3983 1 126 137 199 187
3984 1 126 138 199 188
3985 1 126 138 199 188
3986 1 126 138 198 188
3987 1 126 137 198 187
3988 1 124 137 196 187
3989 1 126 132 202 191
3990 1 124 132 200 192
3991 1 123 133 199 192
3992 1 122 133 198 192
3993 1 121 133 198 193
3994 1 119 132 196 191
3995 1 119 131 195 190
3996 1 102 131 194 190
3997 1 102 130 193 189
3998 1 98 128 194 190
3999 1 98 128 194 189
4000 1 97 127 193 188
4001 1 84 118 196 191
4002 1 83 119 195 191
4003 1 83 119 195 191
4004 1 84 120 195 193
4005 1 81 119 198 196
4006 1 92 119 198 195
4007 1 92 119 197 195
4008 1 72 120 196 196
4009 1 72 121 196 197
4009 2 161 164 184 202
4010 1 64 113 192 198
4010 2 162 162 184 201
4011 1 64 112 190 198
4011 2 162 161 184 200
4012 1 63 113 190 198
4012 2 161 162 184 200
4013 1 58 112 192 201
4013 2 161 160 184 201
4014 1 55 109 203 193
4014 2 161 162 184 202
4015 1 55 110 202 193
4015 2 162 162 185 202
4016 1 54 110 202 194
4016 2 163 162 187 202
4017 1 54 111 202 194
4017 2 166 159 188 197
4018 1 50 109 205 197
4018 2 168 161 190 200
4019 1 33 105 212 198
4019 2 170 163 192 201
4020 1 34 105 212 198
4020 2 174 164 196 206
4021 1 26 110 206 212
4021 2 174 164 196 206
4022 1 24 111 204 212
4022 2 174 164 196 206
4023 1 38 101 205 220
4023 2 174 164 196 207
4024 1 35 100 208 216
4024 2 174 160 197 202
4025 1 35 100 208 216
4025 2 175 159 197 202
4026 1 34 99 207 215
4026 2 175 162 198 205
4027 1 33 99 206 215
4027 2 176 162 199 207
4028 1 32 100 205 216
4028 2 176 162 199 207
4029 1 6 86 201 212
4029 2 176 158 199 202
4030 1 5 89 199 214
4030 2 175 155 199 200
4031 1 0 84 199 215
4031 2 175 158 198 203
4032 1 0 82 204 222
4032 2 175 153 198 198
4033 1 0 85 204 224
4034 1 0 80 204 221
4035 1 0 78 199 220
4036 1 0 65 204 217
4037 1 0 64 214 224
4037 2 175 155 199 200
4038 1 0 78 200 217
4038 2 175 155 199 200
4039 1 0 78 201 217
4039 2 175 154 198 199
4040 1 0 81 198 219
4040 2 174 153 198 197
4041 1 0 80 196 218
4041 2 174 152 198 197
4042 1 0 78 195 217
4042 2 174 152 198 197
4043 1 0 74 198 219
4043 2 174 151 199 198
4044 1 0 79 180 212
4044 2 174 153 198 197
4045 1 0 77 180 209
4045 2 173 153 196 198
4046 1 0 79 173 205
4046 2 173 153 196 198
4047 1 0 81 168 214
4047 2 173 153 196 198
4048 1 0 85 160 211
4048 2 173 153 197 198
4049 1 0 84 158 210
4049 2 173 153 196 203
4050 1 0 84 156 210
4050 2 174 152 197 203
4051 1 0 84 152 210
4051 2 174 152 197 202
4052 1 0 87 145 207
4052 2 174 152 198 203
4053 1 0 87 144 207
4053 2 174 152 197 202
4054 1 0 88 141 208
4054 2 174 153 198 203
4055 1 0 85 145 211
4055 2 174 154 198 204
4056 1 0 88 140 223
4056 2 174 154 198 205
4057 1 0 88 139 223
4057 2 174 154 198 204
4058 1 0 90 137 225
4058 2 174 155 198 205
4059 1 0 87 135 222
4059 2 174 156 197 206
4060 1 0 89 132 224
4060 2 174 155 197 206
4061 1 0 88 131 223
4061 2 174 155 197 205
4062 1 0 90 128 225
4062 2 174 153 199 206
4063 1 0 92 123 221
4063 2 174 154 199 207
4064 1 0 93 121 221
4064 2 174 153 199 205
4065 1 0 94 119 223
4065 2 175 154 199 204
4066 1 0 93 124 228
4066 2 177 154 200 204
4067 1 0 104 128 239
4068 1 0 103 116 230
4068 2 180 156 202 210
4069 1 0 91 128 233
4069 2 180 157 203 211
4070 1 0 93 128 234
4070 2 182 158 204 212
4071 1 0 94 122 235
4071 2 182 158 205 212
4072 1 0 106 122 240
4072 2 183 161 206 215
4073 1 0 104 130 240
4073 2 184 163 207 217
4074 1 0 104 129 240
4074 2 187 165 210 218
4075 1 0 108 129 240
4075 2 189 166 212 220
4076 1 0 133 112 240
4076 2 192 170 215 224
4077 1 0 135 112 240
4077 2 187 161 225 225
4078 1 0 132 122 240
4078 2 191 161 228 226
4079 1 0 138 112 240
4079 2 190 165 228 230
4192 1 76 158 170 229
4192 2 188 165 285 236
4193 1 74 157 173 232
4193 2 187 162 289 237
4194 1 76 158 170 230
4194 2 186 160 288 234
4195 1 78 156 172 228
4195 2 188 161 289 236
4196 1 78 157 172 228
4196 2 183 158 290 236
4197 1 77 157 171 229
4197 2 188 161 289 236
4198 1 77 158 171 230
4198 2 185 160 287 235
4199 1 77 155 171 227
4199 2 182 160 284 235
4200 1 76 150 166 215
4200 2 180 155 276 226
4201 1 76 151 166 215
4201 2 168 147 268 228
4202 1 75 148 165 212
4202 2 169 144 268 224
4203 1 74 143 163 207
4203 2 166 137 266 218
4204 1 73 141 162 205
4204 2 165 136 265 216
4205 1 70 139 160 203
4205 2 165 134 264 214
4206 1 70 139 138 200
4206 2 153 134 263 195
4207 1 68 141 135 202
4207 2 153 134 262 195
4208 1 65 143 133 203
4208 2 150 133 265 197
4209 1 62 143 133 207
4209 2 149 136 264 200
4210 1 62 145 133 209
4210 2 148 139 257 200
4211 1 48 145 133 218
4211 2 162 141 258 207
4212 1 50 147 131 217
4212 2 162 141 259 207
4213 1 48 149 129 219
4213 2 160 140 262 209
4214 1 39 150 128 230
4214 2 164 144 246 202
4215 1 38 152 126 232
4215 2 161 144 248 204
4216 1 39 152 127 233
4216 2 159 143 246 215
4217 1 39 153 127 233
4217 2 160 144 243 212
4218 1 54 154 126 238
4218 2 160 144 243 212
4219 1 56 154 128 237
4219 2 161 144 244 213
4220 1 56 153 122 233
4220 2 159 143 246 215
4221 1 58 152 124 233
4221 2 160 143 247 215
4222 1 59 152 124 232
4222 2 162 142 248 214
4223 1 64 151 130 231
4223 2 166 142 249 211
4224 1 68 151 134 231
4224 2 169 142 252 211
4225 1 74 151 139 232
4225 2 177 142 260 211
4226 1 77 150 142 231
4226 2 178 140 264 212
4227 1 78 147 143 228
4227 2 179 140 262 208
4228 1 77 145 143 226
4228 2 179 140 262 208
4229 1 78 143 143 223
4229 2 176 137 263 209
4230 1 78 142 144 223
4230 2 178 138 261 206
4231 1 79 142 144 222
4231 2 176 136 259 204
4232 1 81 141 144 212
4232 2 175 135 250 195
4233 1 78 141 141 212
4233 2 172 135 246 196
4234 1 74 142 138 212
4234 2 168 135 242 196
4235 1 65 139 132 213
4235 2 160 134 235 195
4236 1 60 136 130 214
4236 2 157 133 231 194
4237 1 56 134 125 212
4237 2 153 132 228 192
4238 1 55 133 124 211
4238 2 152 131 226 192
4239 1 53 128 123 206
4239 2 145 127 223 191
4240 1 53 126 122 204
4240 2 144 124 222 188
4241 1 60 125 120 197
4241 2 145 125 219 186
4242 1 60 124 119 196
4242 2 145 124 219 185
4243 1 56 121 118 197
4243 2 142 122 216 183
4244 1 56 120 118 195
4244 2 142 122 216 182
4245 1 55 116 117 191
4245 2 140 119 214 180
4246 1 54 113 116 188
4246 2 138 117 213 178
4247 1 53 110 115 186
4247 2 136 115 211 176
4248 1 51 108 113 184
4248 2 134 114 209 174
4249 1 49 109 111 184
4249 2 131 113 205 173
4250 1 48 109 110 185
4250 2 130 113 201 171
4251 1 48 108 110 183
4251 2 130 113 201 170
4252 1 48 107 110 182
4252 2 130 112 200 170
4253 1 49 108 111 183
4253 2 131 113 202 170
4254 1 50 108 112 184
4254 2 133 114 204 172
4255 1 52 111 114 187
4255 2 133 118 204 176
4256 1 53 115 115 190
4256 2 134 122 205 180
4257 1 55 120 117 196
4257 2 123 124 194 182
4258 1 56 122 118 198
4258 2 121 125 191 183
4259 1 59 126 118 198
4259 2 133 128 204 186
4260 1 59 126 118 198
4260 2 134 130 202 184
4261 1 60 125 119 197
4261 2 137 131 201 183
4262 1 60 123 122 198
4262 2 138 131 202 184
4263 1 60 122 122 198
4263 2 137 131 202 184
4264 1 60 123 122 198
4264 2 138 132 202 184
4265 1 60 124 122 200
4265 2 137 133 202 186
4266 1 60 125 111 187
4266 2 139 135 200 185
4267 1 60 125 111 187
4267 2 130 136 201 183
4268 1 60 124 111 186
4268 2 130 136 200 184
4269 1 60 126 111 187
4269 2 131 137 201 184
4270 1 61 127 112 188
4270 2 131 137 202 184
4271 1 62 127 113 188
4271 2 125 138 205 190
4272 1 62 128 114 190
4272 2 125 137 205 189
4273 1 63 128 114 190
4273 2 125 137 195 200
4274 1 62 126 114 188
4274 2 125 137 195 200
4275 1 70 127 112 188
4275 2 120 138 190 200
4276 1 69 127 112 188
4276 2 120 138 190 200
4277 1 70 125 113 186
4277 2 123 140 189 199
4278 1 70 125 112 186
4278 2 122 140 189 199
4279 1 70 125 112 186
4279 2 122 139 189 198
4280 1 70 125 113 186
4280 2 122 139 188 198
4281 1 69 124 112 185
4281 2 121 139 188 198
4282 1 69 125 112 186
4282 2 124 137 189 190
4283 1 68 125 111 186
4283 2 123 137 188 190
4284 1 68 125 111 186
4284 2 122 136 186 189
4285 1 67 126 110 187
4285 2 120 136 185 189
4286 1 66 126 109 187
4286 2 131 137 183 191
4287 1 65 124 110 188
4287 2 130 136 182 190
4288 1 64 123 110 187
4288 2 128 135 181 189
4289 1 64 123 109 187
4289 2 128 136 180 190
4290 1 64 125 110 189
4290 2 128 137 180 191
4291 1 64 124 109 188
4291 2 126 136 181 193
4292 1 64 126 109 190
4292 2 125 137 180 194
4293 1 62 126 107 190
4293 2 124 138 168 204
4294 1 63 128 106 188
4294 2 124 138 167 204
4295 1 63 126 108 190
4295 2 124 139 167 205
4296 1 64 125 109 189
4296 2 124 139 168 205
4297 1 66 126 111 190
4297 2 125 140 169 205
4298 1 66 126 112 190
4298 2 126 140 169 205
4299 1 67 127 112 191
4299 2 123 139 170 201
4300 1 62 128 112 182
4300 2 123 139 169 201
4301 1 66 133 110 180
4301 2 115 140 166 202
4302 1 67 133 110 179
4302 2 115 139 166 201
4303 1 68 132 111 179
4303 2 116 139 166 201
4304 1 68 132 112 179
4304 2 117 139 167 201
4305 1 73 134 116 180
4305 2 121 141 172 203
4306 1 76 135 119 181
4306 2 124 142 174 204
4307 1 80 136 123 182
4307 2 127 143 178 204
4308 1 81 134 127 183
4308 2 134 142 179 217
4309 1 83 136 127 182
4309 2 135 142 180 216
4310 1 84 137 126 182
4310 2 135 143 180 217
4311 1 86 137 127 181
4311 2 136 143 181 217
4312 1 88 136 129 180
4312 2 136 144 181 218
4313 1 89 136 132 182
4313 2 138 145 183 219
4314 1 90 136 133 182
4314 2 138 145 183 219
4315 1 90 134 134 181
4315 2 140 146 184 220
4316 1 91 135 134 181
4316 2 139 146 184 220
4317 1 91 136 134 182
4317 2 139 146 184 220
4318 1 90 136 134 182
4318 2 139 146 184 220
4319 1 91 138 132 182
4319 2 149 145 188 224
4320 1 91 137 132 182
4320 2 149 145 188 224
4321 1 92 139 133 184
4321 2 149 146 188 225
4322 1 92 141 134 185
4322 2 149 147 188 226
4323 1 93 142 134 186
4323 2 150 148 188 227
4324 1 93 142 135 186
4324 2 150 148 188 227
4325 1 94 141 136 185
4325 2 151 148 189 228
4326 1 104 142 142 182
4326 2 151 149 190 228
4327 1 104 141 143 184
4327 2 151 149 190 228
4328 1 105 142 144 184
4328 2 152 151 188 226
4329 1 105 142 144 184
4329 2 152 152 189 227
4330 1 106 142 145 184
4330 2 152 151 188 227
4331 1 104 141 143 184
4331 2 150 152 186 227
4333 1 99 144 138 186
4333 2 144 153 180 228
4334 1 98 145 137 187
4334 2 143 153 180 228
4335 1 97 144 138 188
4335 2 142 154 179 229
4336 1 98 144 138 189
4336 2 143 155 180 230
4337 1 98 144 139 189
4337 2 144 155 181 230
4338 1 99 144 140 188
4338 2 144 155 181 230
4339 1 99 144 140 188
4339 2 144 155 180 230
4340 1 100 144 140 189
4340 2 143 155 180 230
4341 1 100 144 140 189
4341 2 142 155 179 230
4342 1 100 146 140 190
4342 2 142 156 178 231
4343 1 97 147 138 191
4343 2 141 158 177 233
4344 1 93 144 136 191
4344 2 138 158 175 233
4345 1 88 144 131 191
4345 2 130 151 168 230
4346 1 74 141 116 188
4346 2 126 150 164 229
4347 1 71 141 111 186
4347 2 122 149 160 228
4348 1 68 140 108 185
4348 2 118 149 156 228
4349 1 61 138 102 182
4349 2 112 148 151 227
4350 1 58 135 98 180
4350 2 109 146 147 225
4351 1 50 126 92 172
4351 2 104 138 142 217
4352 1 44 120 86 166
4352 2 98 132 136 211
4353 1 37 112 80 159
4353 2 92 123 130 202
4354 1 32 107 74 154
4354 2 87 119 125 198
4355 1 24 102 66 149
4355 2 81 113 119 192
4356 1 17 98 62 147
4356 2 76 109 117 192
4357 1 14 94 58 143
4357 2 63 104 103 187
4358 1 11 93 56 142
4358 2 62 103 102 186
4359 1 8 90 60 133
4359 2 60 99 100 182
4360 1 6 89 61 135
4360 2 59 99 99 182
4361 1 7 88 61 134
4361 2 60 99 100 182
4362 1 8 88 60 132
4362 2 60 98 100 181
4363 1 9 88 61 132
4363 2 60 97 100 180
4364 1 9 89 60 132
4364 2 60 97 100 180
4365 1 10 90 61 133
4365 2 62 99 100 178
4366 1 10 90 62 134
4366 2 62 99 100 178
4367 1 12 92 66 138
4367 2 64 101 102 180
4368 1 13 95 68 141
4368 2 65 103 106 174
4369 1 20 99 74 145
4369 2 70 106 111 178
4370 1 24 101 78 147
4370 2 72 107 113 179
4371 1 27 101 82 147
4371 2 76 108 119 164
4372 1 30 102 85 148
4372 2 78 107 121 164
4373 1 36 102 88 146
4373 2 82 107 125 163
4374 1 37 102 91 148
4374 2 84 106 127 163
4375 1 41 102 93 146
4375 2 86 106 130 162
4376 1 44 103 96 147
4376 2 88 106 131 162
4377 1 49 103 98 145
4377 2 90 104 136 164
4378 1 50 104 99 145
4378 2 92 104 137 164
4379 1 54 105 95 142
4379 2 95 106 140 165
4380 1 56 106 96 142
4380 2 102 112 136 161
4381 1 59 108 100 145
4381 2 104 113 138 163
4382 1 61 110 102 146
4382 2 106 115 140 164
4383 1 64 111 105 147
4383 2 109 116 143 166
4384 1 66 111 108 148
4384 2 112 116 146 166
4385 1 71 112 114 150
4385 2 116 117 150 166
4386 1 74 113 117 151
4386 2 118 118 152 167
4387 1 83 115 126 154
4387 2 125 122 159 171
4388 1 86 124 129 162
4388 2 128 125 162 174
4389 1 135 132 169 182
4390 1 132 110 169 186
