136 1 197 60 239 185
137 1 196 52 238 178
137 2 246 63 320 240
138 1 194 40 238 172
138 2 241 59 316 235
139 1 192 42 236 174
139 2 237 55 312 240
140 1 190 42 234 174
140 2 234 54 309 240
141 1 186 50 221 174
141 2 230 31 318 240
142 1 173 19 228 172
142 2 227 31 315 240
143 1 172 20 227 173
143 2 219 16 307 240
144 1 170 20 225 172
144 2 217 15 305 240
145 1 168 19 223 172
145 2 215 13 303 240
146 1 166 16 222 169
146 2 213 10 301 238
147 1 165 10 220 163
147 2 202 0 298 240
148 1 165 6 220 159
148 2 201 0 297 236
149 1 164 0 219 152
149 2 199 0 294 234
150 1 163 0 218 145
150 2 197 0 293 227
151 1 160 0 216 141
151 2 195 0 290 222
152 1 158 0 214 138
152 2 193 0 288 218
153 1 157 0 212 139
153 2 191 0 287 219
154 1 156 0 211 146
154 2 190 0 285 224
155 1 154 0 209 151
155 2 188 0 283 229
156 1 154 2 209 155
156 2 186 0 282 232
157 1 153 4 208 157
157 2 185 0 280 234
158 1 152 4 208 157
158 2 184 0 280 233
159 1 151 2 206 155
159 2 183 0 278 231
160 1 149 2 204 154
160 2 182 0 277 229
161 1 148 0 203 151
161 2 181 0 272 221
162 1 145 1 200 154
162 2 178 0 269 224
163 1 142 10 198 162
163 2 176 0 266 231
164 1 140 19 196 172
164 2 173 3 264 239
165 1 138 22 194 175
165 2 169 2 264 240
166 1 139 26 192 171
166 2 171 7 261 240
167 1 139 28 192 173
167 2 171 8 262 240
168 1 140 30 192 176
168 2 170 12 261 240
169 1 140 38 193 184
169 2 171 20 262 240
170 1 142 43 194 189
170 2 174 30 261 240
171 1 144 48 194 187
171 2 176 30 262 240
172 1 146 49 196 188
172 2 177 30 264 240
173 1 147 48 197 186
173 2 179 28 265 240
174 1 150 48 200 187
174 2 180 27 266 240
175 1 150 46 200 185
175 2 182 26 268 240
176 1 152 47 202 185
176 2 182 27 269 240
177 1 152 51 202 190
177 2 184 31 270 240
178 1 153 56 203 195
178 2 184 35 270 240
179 1 156 59 206 198
179 2 186 41 272 240
180 1 156 62 206 201
180 2 187 42 274 240
181 1 157 66 207 204
181 2 188 48 274 240
182 1 158 71 208 210
182 2 190 57 272 240
183 1 158 76 208 215
183 2 190 60 273 240
184 1 158 80 208 219
184 2 191 64 273 240
185 1 158 83 208 222
185 2 190 68 272 240
186 1 158 87 208 225
186 2 192 75 270 240
187 1 158 88 208 227
187 2 191 75 269 240
188 1 157 88 207 227
188 2 190 76 268 240
189 1 156 89 206 228
189 2 189 75 268 240
190 1 155 88 205 226
190 2 188 75 267 240
191 1 157 86 207 225
191 2 187 74 266 240
192 1 155 86 205 225
192 2 187 73 266 240
193 1 156 91 204 223
193 2 187 73 266 240
194 1 156 93 204 225
194 2 189 78 263 240
195 1 156 91 206 230
195 2 189 80 263 240
196 1 156 91 206 230
196 2 188 81 263 240
197 1 157 92 207 231
197 2 189 82 264 240
198 1 157 92 207 231
198 2 190 82 264 240
199 1 157 90 207 229
199 2 190 81 265 240
200 1 158 88 208 227
200 2 190 79 264 240
201 1 157 86 207 225
201 2 199 72 266 240
202 1 156 87 206 225
202 2 199 72 266 240
203 1 157 87 207 225
203 2 199 73 266 240
204 1 157 88 207 227
204 2 198 74 266 240
205 1 158 93 205 225
205 2 197 74 265 240
206 1 157 92 204 224
206 2 198 73 265 240
207 1 157 91 205 223
207 2 197 72 264 240
208 1 155 83 205 222
208 2 197 68 264 240
209 1 157 81 207 219
209 2 197 67 265 240
210 1 157 81 207 219
210 2 198 66 265 240
211 1 156 81 206 219
211 2 198 66 265 240
212 1 157 81 207 220
212 2 198 66 266 240
213 1 157 81 207 220
213 2 190 67 264 240
214 1 152 78 202 217
214 2 192 66 266 240
215 1 154 76 203 215
215 2 192 65 266 240
216 1 154 76 204 215
216 2 191 65 265 240
217 1 154 76 204 215
217 2 192 63 267 240
218 1 155 77 204 216
218 2 192 64 266 240
219 1 154 77 204 216
219 2 192 64 266 240
220 1 155 82 202 214
220 2 192 64 266 240
221 1 155 83 202 215
221 2 192 63 266 240
222 1 156 83 204 215
222 2 193 64 268 240
223 1 155 83 203 215
223 2 193 64 267 240
224 1 154 82 202 214
224 2 193 64 267 240
225 1 155 82 202 214
225 2 194 68 265 240
226 1 154 81 201 213
226 2 194 66 265 240
227 1 153 79 200 211
227 2 195 65 268 240
228 1 153 81 200 213
228 2 195 65 267 240
229 1 152 82 200 214
229 2 195 66 268 240
230 1 152 91 199 223
230 2 195 76 267 240
231 1 151 101 199 233
231 2 194 86 266 240
232 1 150 112 198 240
232 2 193 96 265 240
233 1 149 120 196 240
233 2 193 108 262 240
234 1 146 124 195 240
234 2 196 112 264 240
235 1 144 125 193 240
235 2 194 114 262 240
236 1 141 127 191 240
236 2 192 116 260 240
237 1 140 128 190 240
237 2 192 117 260 240
238 1 141 131 189 240
238 2 191 116 259 240
239 1 140 128 188 240
239 2 191 113 259 240
240 1 140 128 187 240
240 2 190 113 257 240
241 1 137 128 187 240
241 2 188 115 256 240
242 1 136 142 183 240
242 2 187 129 251 240
243 1 133 152 180 240
243 2 183 138 248 240
244 1 132 154 179 240
244 2 181 139 246 240
245 1 130 154 178 240
245 2 179 140 244 240
246 1 128 148 176 240
246 2 178 134 242 240
247 1 127 144 174 240
247 2 177 129 245 240
248 1 125 138 170 240
248 2 177 128 244 240
249 1 123 137 171 240
249 2 177 128 244 240
250 1 124 137 171 240
250 2 176 130 244 240
251 1 126 139 173 240
251 2 178 131 246 240
252 1 131 136 178 240
252 2 185 130 253 240
253 1 138 128 188 240
253 2 190 125 258 240
254 1 140 124 189 240
254 2 190 115 261 240
255 1 140 121 189 240
255 2 191 113 262 240
256 1 140 121 189 240
256 2 191 112 262 240
257 1 143 121 192 240
257 2 194 112 265 240
258 1 144 120 193 240
258 2 196 112 267 240
259 1 146 118 198 240
259 2 198 113 269 240
260 1 145 119 197 240
260 2 200 114 271 240
261 1 148 121 199 240
261 2 201 115 272 240
262 1 148 118 202 240
262 2 202 117 274 240
263 1 146 117 200 240
263 2 202 118 274 240
264 1 145 118 199 240
264 2 203 118 274 240
265 1 147 119 201 240
265 2 203 119 274 240
266 1 150 123 201 240
266 2 204 120 275 240
267 1 149 124 200 240
267 2 204 120 275 240
268 1 148 120 202 240
268 2 204 120 275 240
269 1 149 121 203 240
269 2 206 125 274 240
270 1 148 121 202 240
270 2 205 121 276 240
271 1 150 119 204 240
271 2 206 121 277 240
272 1 154 122 206 240
272 2 207 118 278 240
273 1 157 121 208 240
273 2 211 118 282 240
274 1 159 122 210 240
274 2 212 118 283 240
275 1 161 123 212 240
275 2 214 120 285 240
276 1 162 124 213 240
276 2 216 122 287 240
277 1 164 124 216 240
277 2 219 123 290 240
278 1 166 126 217 240
278 2 220 125 292 240
279 1 168 131 217 240
279 2 222 126 293 240
280 1 169 130 218 240
280 2 222 126 294 240
281 1 171 129 220 240
281 2 224 126 295 240
282 1 171 124 222 240
282 2 224 125 295 240
283 1 170 122 222 240
283 2 224 124 295 240
284 1 169 122 220 240
284 2 223 123 294 240
285 1 169 123 220 240
285 2 222 123 293 240
286 1 167 124 219 240
286 2 220 124 291 240
287 1 165 124 216 240
287 2 220 128 288 240
288 1 162 120 216 240
288 2 218 128 286 240
289 1 162 123 214 240
289 2 216 128 284 240
290 1 162 126 212 240
290 2 215 127 283 240
291 1 163 122 214 240
291 2 215 127 282 240
292 1 162 124 212 240
292 2 213 127 281 240
293 1 161 122 210 240
293 2 212 126 279 240
294 1 160 119 209 240
294 2 211 124 278 240
295 1 160 115 211 240
295 2 209 118 280 240
296 1 160 115 212 240
296 2 210 118 282 240
297 1 162 115 213 240
297 2 211 119 282 240
298 1 161 115 213 240
298 2 212 120 283 240
299 1 161 115 212 240
299 2 212 120 283 240
300 1 161 115 212 240
300 2 212 119 283 240
301 1 160 117 208 240
301 2 211 121 283 240
302 1 157 114 209 240
302 2 210 122 281 240
303 1 156 117 207 240
303 2 208 124 279 240
304 1 155 119 206 240
304 2 206 125 278 240
305 1 157 122 206 240
305 2 206 124 277 240
306 1 157 121 206 240
306 2 206 121 278 240
307 1 158 120 207 240
307 2 207 118 278 240
308 1 159 119 208 240
308 2 196 115 280 240
309 1 156 118 209 240
309 2 197 114 280 240
310 1 156 118 208 240
310 2 189 111 284 240
311 1 154 119 207 240
311 2 188 111 284 240
312 1 154 119 207 240
312 2 180 112 283 240
313 1 155 120 208 240
313 2 180 112 284 240
314 1 155 121 208 240
314 2 171 111 289 240
315 1 152 120 218 240
315 2 170 111 288 240
316 1 151 121 217 240
316 2 164 114 288 240
317 1 150 122 216 240
317 2 165 114 289 240
318 1 148 123 226 240
318 2 165 115 289 240
319 1 147 122 225 240
319 2 159 116 289 240
320 1 146 120 224 240
320 2 158 114 288 240
321 1 146 118 224 240
321 2 159 114 289 240
322 1 146 117 224 240
322 2 153 112 287 240
323 1 146 116 224 240
323 2 152 110 286 240
324 1 144 115 222 240
324 2 150 110 284 240
325 1 143 114 221 240
325 2 149 109 283 240
326 1 143 114 221 240
326 2 148 109 282 240
327 1 142 114 220 240
327 2 140 111 281 240
328 1 141 114 219 240
328 2 140 111 280 240
329 1 140 112 218 240
329 2 135 111 286 240
330 1 138 108 220 240
330 2 134 111 285 240
331 1 138 108 220 240
331 2 132 112 284 240
332 1 139 107 221 240
332 2 128 111 292 240
333 1 143 108 220 240
333 2 127 109 291 240
334 1 142 108 220 240
334 2 124 105 294 240
335 1 142 108 219 240
335 2 125 106 294 240
336 1 142 109 220 240
336 2 122 106 303 240
337 1 142 111 220 240
337 2 122 107 308 240
338 1 150 112 220 240
338 2 123 108 308 240
339 1 150 112 220 240
339 2 124 108 309 240
340 1 150 113 220 240
340 2 122 109 308 240
341 1 150 114 220 240
341 2 122 111 308 240
342 1 150 115 220 240
342 2 122 111 307 240
343 1 149 115 219 240
343 2 120 113 306 240
344 1 146 117 219 240
344 2 121 114 312 240
345 1 146 118 219 240
345 2 122 114 312 240
346 1 146 118 219 240
346 2 122 115 312 240
347 1 147 119 220 240
347 2 121 114 312 240
348 1 147 118 220 240
348 2 122 115 313 240
349 1 144 125 216 225
349 2 122 114 313 240
350 1 144 124 216 225
350 2 126 113 317 240
351 1 144 124 217 224
351 2 126 113 317 240
352 1 144 125 217 226
352 2 121 109 320 240
353 1 144 124 222 228
353 2 128 114 319 240
354 1 146 126 224 229
354 2 129 114 320 240
355 1 146 132 224 230
355 2 129 118 320 240
358 1 143 142 229 240
358 2 129 118 320 240
359 1 142 142 222 237
359 2 123 116 320 240
360 1 141 141 222 236
360 2 117 111 320 240
361 1 141 140 221 234
361 2 116 110 320 240
362 1 140 136 221 227
362 2 111 101 320 240
363 1 144 133 221 224
363 2 110 101 320 240
364 1 143 133 220 224
364 2 104 96 320 240
365 1 139 135 220 226
365 2 104 95 320 240
366 1 139 137 220 228
366 2 103 96 320 240
367 1 136 134 218 229
367 2 102 98 320 240
368 1 135 132 217 228
368 2 100 97 320 240
369 1 136 130 219 225
369 2 108 102 320 240
370 1 135 128 217 223
370 2 107 101 320 240
371 1 131 123 217 222
371 2 106 100 320 240
372 1 130 121 216 220
372 2 117 113 320 240
373 1 130 115 215 214
373 2 98 92 320 240
374 1 126 112 216 216
374 2 104 97 320 240
375 1 124 108 218 210
375 2 113 108 320 240
376 1 123 111 216 212
376 2 113 109 320 240
377 1 121 113 215 214
377 2 106 112 320 240
378 1 117 114 154 148
378 2 105 115 319 240
379 1 118 116 152 148
379 2 104 114 317 240
380 1 115 118 149 150
380 2 94 112 320 240
381 1 113 122 147 154
381 2 93 112 320 240
382 1 113 124 146 155
382 2 93 110 320 240
383 1 113 126 146 157
383 2 88 109 320 240
384 1 114 129 257 170
384 2 88 109 320 240
385 1 113 127 256 168
385 2 81 107 320 240
386 1 111 121 254 162
386 2 79 98 319 240
387 1 101 113 251 156
387 2 69 84 320 240
388 1 128 107 248 158
388 2 61 74 320 238
389 1 126 105 254 162
389 2 61 78 320 240
390 1 125 106 252 163
390 2 61 79 320 240
391 1 117 108 249 168
391 2 51 76 320 240
392 1 109 106 242 165
392 2 46 72 320 239
393 1 108 96 240 155
393 2 41 69 320 240
394 1 101 90 234 149
394 2 31 60 320 240
395 1 96 78 229 138
395 2 17 52 320 240
396 1 93 78 228 144
396 2 4 45 293 240
397 1 94 73 226 145
397 2 2 42 291 238
398 1 94 70 226 142
398 2 0 39 287 235
399 1 96 74 228 142
399 2 0 35 265 217
400 1 102 89 226 142
400 2 0 27 258 203
401 1 113 90 242 132
401 2 0 30 249 190
402 1 117 87 253 136
402 2 0 19 252 169
403 1 117 86 252 135
403 2 0 20 250 169
404 1 118 84 247 137
404 2 0 19 241 150
405 1 115 80 250 136
405 2 0 16 234 140
406 1 115 81 250 137
406 2 0 16 239 146
407 1 115 81 248 151
407 2 0 22 232 146
408 1 115 84 243 152
408 2 0 24 229 148
409 1 113 84 242 152
409 2 0 25 224 122
410 1 113 78 242 158
410 2 0 24 222 121
411 1 109 74 245 158
411 2 0 23 220 119
412 1 109 73 242 149
412 2 0 22 218 118
413 1 108 72 241 148
413 2 0 22 206 113
414 1 108 70 240 145
414 2 0 17 211 113
415 1 103 63 242 142
415 2 0 12 217 113
416 1 107 60 239 135
416 2 0 6 219 107
417 1 111 49 239 133
417 2 0 0 219 100
418 1 110 43 244 131
418 2 0 0 216 96
419 1 112 43 246 132
419 2 0 0 209 91
420 1 113 43 246 131
420 2 0 0 200 87
421 1 110 38 250 131
421 2 0 0 202 91
422 1 115 42 256 134
422 2 0 0 204 93
423 1 121 48 262 140
423 2 0 2 214 101
424 1 127 57 261 146
424 2 0 12 218 110
425 1 130 61 264 150
425 2 0 18 216 111
426 1 137 61 271 150
426 2 0 16 227 114
427 1 141 63 275 151
427 2 0 16 232 114
428 1 142 64 276 152
428 2 0 22 229 126
429 1 146 67 279 155
429 2 0 27 230 131
430 1 149 71 283 160
430 2 0 33 232 137
431 1 155 76 281 166
431 2 0 39 231 146
432 1 157 76 288 156
432 2 0 38 232 145
433 1 157 75 289 154
433 2 0 37 235 144
434 1 162 59 296 150
434 2 0 31 241 143
435 1 163 59 297 150
435 2 21 32 239 146
436 1 164 61 297 152
436 2 37 36 240 150
437 1 163 63 296 154
437 2 42 40 236 148
438 1 164 66 297 157
438 2 36 44 234 156
439 1 163 67 296 158
439 2 36 44 233 156
440 1 167 68 301 159
440 2 36 43 234 155
441 1 168 66 301 157
441 2 35 45 230 154
442 1 165 63 298 154
442 2 36 43 228 150
443 1 161 59 301 155
443 2 35 43 228 150
444 1 159 58 299 153
444 2 33 43 226 150
445 1 156 53 303 154
445 2 31 40 223 147
446 1 166 46 293 146
446 2 28 35 220 142
447 1 164 44 296 144
447 2 27 31 219 138
448 1 165 43 297 143
448 2 25 28 218 135
449 1 162 39 301 144
449 2 20 24 222 136
450 1 162 42 293 142
450 2 21 22 206 135
451 1 160 42 291 142
451 2 19 22 204 134
452 1 160 42 292 142
452 2 18 22 203 134
453 1 159 46 294 132
453 2 17 22 203 134
454 1 159 49 294 136
454 2 18 23 203 135
455 1 159 54 294 140
455 2 27 25 203 149
456 1 157 54 292 140
456 2 26 25 202 149
457 1 152 49 293 140
457 2 26 24 202 155
458 1 157 52 285 143
458 2 27 20 203 152
459 1 157 49 284 139
459 2 27 21 203 162
460 1 154 48 282 139
460 2 28 19 204 161
461 1 151 44 285 139
461 2 29 19 204 160
462 1 152 42 286 137
462 2 30 18 205 167
463 1 151 39 285 134
463 2 26 12 210 169
464 1 151 37 285 132
464 2 26 10 211 167
465 1 151 35 285 130
465 2 46 11 198 178
466 1 152 32 286 127
466 2 48 9 201 177
467 1 149 29 290 128
467 2 49 10 201 177
468 1 150 38 290 118
468 2 49 10 201 178
469 1 150 38 290 118
469 2 52 13 208 185
470 1 149 38 290 118
470 2 52 16 207 188
471 1 152 41 278 121
471 2 53 20 209 192
472 1 152 44 278 124
472 2 56 24 211 196
473 1 152 47 278 127
473 2 52 20 211 203
474 1 151 48 277 128
474 2 53 20 212 202
475 1 154 48 276 132
475 2 50 20 214 202
476 1 154 48 276 131
476 2 50 22 214 204
477 1 154 47 276 131
477 2 41 21 195 208
478 1 151 49 273 132
478 2 40 23 194 210
479 1 142 50 264 134
479 2 34 27 188 214
480 1 140 50 262 134
480 2 31 22 195 208
481 1 148 33 256 113
481 2 34 3 197 182
482 1 142 20 253 99
482 2 25 0 197 176
483 1 136 6 246 85
483 2 28 0 208 136
484 1 133 0 249 83
484 2 28 0 207 125
485 1 133 0 249 81
485 2 26 0 206 122
486 1 124 0 240 70
486 2 19 0 207 102
487 1 124 4 240 75
487 2 18 0 206 108
488 1 125 7 241 78
488 2 19 0 207 110
489 1 127 8 243 79
489 2 21 0 209 113
490 1 116 3 232 78
490 2 16 0 203 98
491 1 113 2 234 81
491 2 15 0 202 101
492 1 113 4 235 83
492 2 19 0 197 101
493 1 110 2 230 75
493 2 16 19 196 110
494 1 104 1 229 78
494 2 13 24 194 114
495 1 103 4 229 80
495 2 17 30 188 116
496 1 96 2 228 83
496 2 12 31 192 122
497 1 90 0 228 84
497 2 10 31 190 122
498 1 100 0 239 82
498 2 6 28 195 123
499 1 98 0 243 83
499 2 4 29 194 124
500 1 102 0 218 81
500 2 5 29 194 124
501 1 101 0 217 83
501 2 4 25 193 120
502 1 105 11 223 88
502 2 8 33 188 124
503 1 113 15 219 94
503 2 10 38 190 129
504 1 106 16 220 92
504 2 12 41 192 131
505 1 110 19 218 91
505 2 10 44 199 140
506 1 105 15 219 90
506 2 10 43 199 138
507 1 105 25 218 87
507 2 9 43 198 138
508 1 106 22 219 83
508 2 7 53 196 148
509 1 106 23 219 85
509 2 6 54 196 149
510 1 105 28 218 87
510 2 6 55 195 150
511 1 105 25 218 84
511 2 6 56 195 152
512 1 105 23 223 85
512 2 8 53 198 148
513 1 106 22 225 84
513 2 11 52 200 147
514 1 109 20 227 82
514 2 13 52 202 147
515 1 110 19 229 81
515 2 15 49 204 145
516 1 111 12 229 74
516 2 15 44 204 139
517 1 110 6 229 68
517 2 13 38 211 138
518 1 114 4 227 63
518 2 19 37 208 132
519 1 115 2 228 61
519 2 20 38 209 133
520 1 117 2 230 62
520 2 20 39 210 134
521 1 117 4 230 63
521 2 24 40 204 131
522 1 114 3 227 62
522 2 26 40 206 131
523 1 114 1 227 60
523 2 28 40 208 131
524 1 115 0 228 60
524 2 31 42 211 132
525 1 112 0 225 58
525 2 32 40 212 131
526 1 114 0 227 54
526 2 34 36 214 127
527 1 117 0 230 48
527 2 34 30 224 125
528 1 115 0 228 45
528 2 37 27 226 122
529 1 124 0 232 46
529 2 41 30 230 125
530 1 130 0 237 44
530 2 49 30 238 126
531 1 137 0 244 44
531 2 47 29 246 129
532 1 137 0 244 47
532 2 51 35 250 135
533 1 134 0 247 55
533 2 54 43 253 143
534 1 136 0 249 58
534 2 63 51 252 146
535 1 140 0 252 59
535 2 64 52 254 147
536 1 142 2 255 62
536 2 63 54 252 149
537 1 143 0 256 58
537 2 64 55 253 151
538 1 144 0 257 57
538 2 70 60 250 150
539 1 144 0 257 58
539 2 71 60 251 151
540 1 138 0 251 57
540 2 68 64 248 154
541 1 139 0 252 57
541 2 66 62 246 153
542 1 136 0 249 56
542 2 62 60 242 151
543 1 136 0 249 52
543 2 63 44 241 145
544 1 136 0 249 46
544 2 63 40 242 141
545 1 137 0 250 45
545 2 59 35 246 141
546 1 134 0 247 45
546 2 58 38 246 144
547 1 132 0 240 45
547 2 61 43 240 144
548 1 126 0 238 47
548 2 61 47 240 148
549 1 125 0 238 49
549 2 61 52 240 153
550 1 120 0 236 64
550 2 59 55 243 156
551 1 116 0 237 67
551 2 58 54 247 162
552 1 112 0 239 70
552 2 57 57 246 165
553 1 107 0 237 63
553 2 56 59 245 167
554 1 105 0 241 65
554 2 58 68 238 170
555 1 104 1 240 57
555 2 58 68 238 171
556 1 100 6 238 64
556 2 56 75 236 188
557 1 100 7 238 66
557 2 56 77 236 190
558 1 100 4 238 63
558 2 57 78 236 195
559 1 111 2 240 58
559 2 54 74 246 191
560 1 113 0 243 54
560 2 54 71 246 188
561 1 116 0 240 49
561 2 55 70 248 187
562 1 107 0 243 55
562 2 55 69 248 186
563 1 111 0 241 51
563 2 55 67 248 184
564 1 108 0 244 50
564 2 54 64 247 181
565 1 103 0 246 46
565 2 54 58 247 175
566 1 106 0 242 40
566 2 49 50 233 165
567 1 106 0 243 41
567 2 50 48 233 163
568 1 100 0 236 42
568 2 48 50 232 165
569 1 93 0 236 44
569 2 43 47 236 167
570 1 97 0 234 41
570 2 44 46 237 167
571 1 95 0 238 41
571 2 44 48 237 168
572 1 86 0 233 28
572 2 46 47 246 159
573 1 87 0 233 28
573 2 50 52 241 158
574 1 102 0 231 40
574 2 52 56 254 168
575 1 108 0 231 49
575 2 52 60 254 172
576 1 110 0 230 58
576 2 55 67 256 186
577 1 112 6 230 70
577 2 56 73 258 192
578 1 112 12 230 76
578 2 57 80 258 199
579 1 112 22 223 90
579 2 55 95 248 214
580 1 110 22 222 90
580 2 55 95 247 214
581 1 102 4 219 76
581 2 55 83 247 202
582 1 98 0 221 64
582 2 50 62 246 191
583 1 101 0 218 55
583 2 49 50 245 179
584 1 134 0 221 37
584 2 49 40 246 169
585 1 138 0 231 35
585 2 45 35 257 166
586 1 140 0 239 37
586 2 44 35 256 166
587 1 135 0 240 41
587 2 44 38 256 169
588 1 84 0 239 48
588 2 46 46 258 176
589 1 81 0 236 49
589 2 49 48 261 178
590 1 79 0 234 54
590 2 51 53 263 183
591 1 89 0 235 56
591 2 54 57 266 187
592 1 96 0 236 57
592 2 57 60 247 199
593 1 108 0 236 56
593 2 59 59 249 198
594 1 109 0 238 55
594 2 61 60 251 198
595 1 109 0 238 54
595 2 64 58 262 201
596 1 114 0 236 50
596 2 66 57 264 200
597 1 123 0 240 45
597 2 68 55 282 199
598 1 125 0 242 38
598 2 70 49 285 193
599 1 126 0 243 28
599 2 72 43 287 186
600 1 132 0 242 24
600 2 75 36 290 179
601 1 73 22 294 179
601 2 150 0 214 18
602 1 74 23 294 180
602 2 149 0 212 19
603 1 76 26 296 182
603 2 148 0 211 20
604 1 74 36 294 192
604 2 131 0 216 35
605 1 69 50 300 214
605 2 114 0 233 52
606 1 68 62 299 226
606 2 108 0 230 66
607 1 72 71 292 227
607 2 103 0 224 70
608 1 72 74 292 231
608 2 100 0 221 72
609 1 72 78 292 235
609 2 95 0 227 73
610 1 70 80 290 236
610 2 88 0 230 76
611 1 76 85 286 234
611 2 83 2 228 79
612 1 78 84 287 233
612 2 78 4 229 82
613 1 71 83 281 223
613 2 78 5 230 83
614 1 72 83 282 223
614 2 76 1 228 79
615 1 73 84 283 224
615 2 87 8 229 79
616 1 74 84 283 224
616 2 90 10 226 77
617 1 72 84 282 224
617 2 85 9 227 79
618 1 73 86 282 226
618 2 92 10 217 83
619 1 68 80 288 227
619 2 91 8 216 80
620 1 65 73 285 220
620 2 90 0 215 71
621 1 61 68 281 215
621 2 92 0 211 64
622 1 63 69 273 209
622 2 90 0 209 63
623 1 65 64 274 215
623 2 85 0 199 65
624 1 63 66 272 217
624 2 84 1 199 73
625 1 54 67 274 225
625 2 83 8 198 80
626 1 52 69 272 228
626 2 80 8 195 82
627 1 51 69 251 218
627 2 75 7 198 81
628 1 49 69 249 218
628 2 68 5 200 83
629 1 43 64 243 222
629 2 56 4 201 84
630 1 40 64 240 222
630 2 51 1 203 85
631 1 33 55 243 221
631 2 50 0 196 86
632 1 32 48 241 214
632 2 54 0 195 80
633 1 35 39 235 197
633 2 55 0 196 77
634 1 38 31 238 189
634 2 57 0 198 71
635 1 38 28 238 187
635 2 76 0 202 72
636 1 39 28 239 186
636 2 79 0 198 84
637 1 43 26 243 184
637 2 80 0 199 83
638 1 46 33 246 192
638 2 88 0 200 87
639 1 50 37 224 195
639 2 89 0 200 92
640 1 53 38 240 196
640 2 93 0 198 80
641 1 53 42 248 193
641 2 91 0 202 74
642 1 51 39 255 198
642 2 89 2 206 79
643 1 52 40 257 199
643 2 90 3 206 72
644 1 45 51 259 199
644 2 90 8 206 77
645 1 45 54 259 202
645 2 90 13 206 83
646 1 36 58 250 217
646 2 92 20 203 86
647 1 38 59 252 218
647 2 92 24 203 90
648 1 34 54 250 234
648 2 94 27 199 90
649 1 34 56 251 236
649 2 92 28 202 94
650 1 33 54 250 234
650 2 91 29 202 96
651 1 43 45 260 225
651 2 88 27 205 96
652 1 43 39 260 219
652 2 90 23 206 93
653 1 42 25 255 196
653 2 93 22 204 89
654 1 42 18 255 189
654 2 91 15 208 84
655 1 39 2 244 172
655 2 91 0 204 63
656 1 41 0 247 169
656 2 91 0 204 59
657 1 40 0 246 169
657 2 90 0 203 60
658 1 48 0 237 160
658 2 88 0 201 60
659 1 46 0 234 161
659 2 94 0 185 56
660 1 43 0 232 158
660 2 94 1 185 56
661 1 36 0 224 159
661 2 93 4 202 60
662 1 39 0 218 153
662 2 93 4 202 60
663 1 34 0 217 162
663 2 106 6 202 61
664 1 33 0 216 162
664 2 96 3 207 67
665 1 31 0 214 168
665 2 96 5 206 69
666 1 30 0 214 166
666 2 96 5 206 69
667 1 31 0 214 164
667 2 102 3 205 67
668 1 30 0 213 163
668 2 100 0 208 66
669 1 30 0 213 161
669 2 115 0 210 66
670 1 30 0 213 162
670 2 116 1 210 67
671 1 45 0 212 162
671 2 116 8 210 75
672 1 43 6 210 171
672 2 121 34 203 95
673 1 43 8 210 174
673 2 122 36 204 97
674 1 43 7 210 172
674 2 123 36 205 97
675 1 35 6 201 171
675 2 124 30 206 92
676 1 36 0 203 166
676 2 92 23 208 97
677 1 34 1 199 170
677 2 94 25 210 98
678 1 35 6 200 176
678 2 96 30 202 104
679 1 31 19 200 189
679 2 94 41 199 115
680 1 32 24 202 195
680 2 94 49 199 122
681 1 18 25 206 196
681 2 94 50 207 124
682 1 11 22 218 201
682 2 90 45 210 122
683 1 0 19 229 215
683 2 87 57 197 124
684 1 0 10 228 230
684 2 83 50 193 117
685 1 0 7 225 233
685 2 79 48 189 114
686 1 0 4 229 240
686 2 76 55 189 115
687 1 0 5 230 240
687 2 74 56 187 116
688 1 0 12 231 202
688 2 70 54 182 119
689 1 0 14 230 204
689 2 67 55 180 120
690 1 0 16 227 206
690 2 65 57 178 122
691 1 0 22 226 182
691 2 63 53 180 126
692 1 0 22 226 183
692 2 62 53 179 125
693 1 4 29 220 182
693 2 61 56 178 128
694 1 2 31 218 184
694 2 58 65 170 131
695 1 8 32 213 182
695 2 58 65 170 131
696 1 10 34 214 183
696 2 61 66 170 135
697 1 29 34 214 192
697 2 61 65 171 135
698 1 30 33 211 199
698 2 61 64 170 134
699 1 34 29 215 195
699 2 63 61 172 131
700 1 39 27 229 189
700 2 71 62 180 132
701 1 46 28 237 178
701 2 76 59 184 133
702 1 50 31 240 180
702 2 81 61 188 134
703 1 53 31 244 180
703 2 87 62 194 136
704 1 64 38 238 186
704 2 92 64 193 137
705 1 67 39 241 187
705 2 94 66 195 140
706 1 69 46 237 194
706 2 100 66 194 140
707 1 69 44 239 196
707 2 103 66 198 140
708 1 62 44 241 195
708 2 108 69 202 142
709 1 53 54 232 205
709 2 104 66 200 140
710 1 45 55 230 193
710 2 106 69 201 142
711 1 37 61 234 191
711 2 108 70 203 138
712 1 30 60 244 185
712 2 111 70 201 138
713 1 32 59 257 184
713 2 112 71 201 139
714 1 32 58 279 180
714 2 106 67 201 137
715 1 31 68 302 181
715 2 104 69 199 139
716 1 31 71 312 184
716 2 146 69 199 107
717 1 30 79 313 186
717 2 143 67 196 105
718 1 28 78 311 185
718 2 102 56 190 104
719 1 26 74 309 182
719 2 98 52 191 102
720 1 20 60 307 174
720 2 96 49 193 102
721 1 17 62 305 176
721 2 97 50 189 101
722 1 14 49 288 175
722 2 96 55 188 111
723 1 12 50 286 176
723 2 96 55 188 111
724 1 12 50 286 176
724 2 88 57 185 116
725 1 9 55 284 174
725 2 73 64 182 117
726 1 9 53 284 172
726 2 72 62 183 113
727 1 8 55 288 172
727 2 72 57 185 112
728 1 10 48 292 167
728 2 72 56 185 111
729 1 10 45 291 164
729 2 68 54 181 110
730 1 11 40 293 159
730 2 67 50 186 108
731 1 15 47 288 156
731 2 68 48 179 107
732 1 18 45 284 156
732 2 70 48 180 107
733 1 18 42 291 158
733 2 72 47 182 106
734 1 17 46 291 162
734 2 73 49 184 108
735 1 18 44 291 160
735 2 74 45 185 104
736 1 22 50 285 168
736 2 75 44 186 103
737 1 23 49 286 166
737 2 70 38 185 101
738 1 21 48 294 166
738 2 71 34 186 97
739 1 22 42 295 165
739 2 71 30 186 93
740 1 23 42 295 166
740 2 70 25 185 88
741 1 24 56 294 163
741 2 72 24 181 84
742 1 26 64 295 170
742 2 75 30 184 90
743 1 41 58 294 177
743 2 77 32 181 89
744 1 45 58 295 181
744 2 82 33 186 90
745 1 52 60 295 183
745 2 82 34 195 99
746 1 60 66 294 181
746 2 84 36 197 100
747 1 63 76 292 188
747 2 81 39 195 106
748 1 62 83 291 195
748 2 83 38 197 106
749 1 70 86 290 205
749 2 79 39 198 100
750 1 70 84 282 210
750 2 78 38 197 98
751 1 69 83 281 222
751 2 78 37 197 97
752 1 80 83 282 231
752 2 73 37 198 98
753 1 83 82 274 235
753 2 74 36 198 98
754 1 87 88 268 240
754 2 72 34 199 90
755 1 88 89 268 240
755 2 72 33 199 88
756 1 88 90 268 240
756 2 73 32 200 88
757 1 97 93 262 240
757 2 64 34 198 93
758 1 97 92 262 240
758 2 64 32 198 91
759 1 94 88 266 240
759 2 58 32 198 89
760 1 106 89 271 240
760 2 62 34 195 88
761 1 107 92 277 240
761 2 54 37 199 90
762 1 113 90 283 240
762 2 56 36 201 89
763 1 118 92 288 240
763 2 54 34 206 90
764 1 127 92 296 240
764 2 54 35 206 91
765 1 135 96 304 240
765 2 52 36 204 92
766 1 136 96 306 240
766 2 75 39 205 91
767 1 144 96 313 240
767 2 76 36 212 91
768 1 153 94 315 240
768 2 76 35 212 90
769 1 155 95 317 240
769 2 73 37 210 92
770 1 158 94 319 240
770 2 74 39 205 96
771 1 172 90 318 240
771 2 77 39 202 93
772 1 175 89 320 240
772 2 73 36 203 89
773 1 186 87 312 240
773 2 72 35 202 88
774 1 190 87 316 240
774 2 74 32 198 89
775 1 195 84 286 240
775 2 73 31 198 88
776 1 198 82 290 240
776 2 74 29 192 85
777 1 202 82 293 240
777 2 77 30 189 84
778 1 206 80 297 239
778 2 77 30 188 83
779 1 210 81 301 240
779 2 77 30 188 83
780 1 217 83 308 240
780 2 71 29 190 90
781 1 220 83 311 240
781 2 66 28 195 94
782 1 222 84 313 240
782 2 63 27 200 96
783 1 226 86 316 240
783 2 58 27 202 99
784 1 229 87 320 240
784 2 66 27 204 100
785 1 224 88 320 240
785 2 69 31 200 100
786 1 224 90 320 240
786 2 80 29 199 101
787 1 220 92 320 240
787 2 85 29 199 114
788 1 219 93 320 240
788 2 84 28 198 114
789 1 217 94 320 240
789 2 93 28 199 121
790 1 216 96 320 240
790 2 92 26 198 119
791 1 221 97 320 240
791 2 90 22 201 120
792 1 217 110 320 240
792 2 91 27 196 100
793 1 220 109 320 240
793 2 90 27 195 100
794 1 222 108 320 240
794 2 88 26 193 99
795 1 224 133 320 240
795 2 79 23 189 97
796 1 225 133 320 240
796 2 76 23 186 97
797 1 232 143 320 240
797 2 71 23 181 96
798 1 234 142 320 240
798 2 70 25 180 98
799 1 243 142 320 240
799 2 67 27 177 101
800 1 253 147 320 240
800 2 67 28 177 101
801 1 66 37 176 110
801 2 258 146 320 240
802 1 61 40 174 112
802 2 261 151 320 240
803 1 60 42 172 121
803 2 265 152 320 240
804 1 59 41 172 120
804 2 270 150 320 240
805 1 58 36 172 116
805 2 292 143 320 240
806 1 61 35 166 120
806 2 293 139 320 238
807 1 63 31 167 117
807 2 294 135 320 234
808 1 61 30 172 115
809 1 60 30 178 112
810 1 55 27 182 109
811 1 56 27 190 113
812 1 59 30 200 113
813 1 58 45 216 122
814 1 61 52 233 128
815 1 65 57 236 135
816 1 64 59 243 141
817 1 70 65 240 142
818 1 93 65 234 143
819 1 100 60 241 137
820 1 100 54 242 131
821 1 103 54 244 132
822 1 100 62 241 140
823 1 109 64 239 141
824 1 107 63 241 141
825 1 110 58 244 135
826 1 111 58 245 135
827 1 112 61 246 138
828 1 113 62 247 139
829 1 110 60 251 142
830 1 110 59 257 144
831 1 116 65 252 143
832 1 120 67 253 145
833 1 122 64 258 147
834 1 122 64 257 147
835 1 124 61 260 145
836 1 122 55 264 143
837 1 125 62 265 139
838 1 123 62 263 139
839 1 127 64 266 141
840 1 130 66 270 143
841 1 132 66 271 143
842 1 129 61 276 142
843 1 126 56 280 141
844 1 128 50 282 135
845 1 127 47 281 132
846 1 125 48 279 133
847 1 127 48 273 129
848 1 127 49 274 130
849 1 128 47 275 128
850 1 126 43 273 124
851 1 130 41 269 118
852 1 136 44 269 118
853 1 133 44 273 121
854 1 129 40 276 121
855 1 130 34 277 114
856 1 134 31 280 111
857 1 139 32 279 109
858 1 136 37 283 118
859 1 132 44 286 129
860 1 134 49 288 134
861 1 134 52 288 137
862 1 135 51 282 132
863 1 135 51 282 131
864 1 131 51 277 132
865 1 126 48 280 133
866 1 122 48 276 133
867 1 122 48 276 133
868 1 118 45 272 130
869 1 119 48 266 129
870 1 114 46 268 131
871 1 110 46 264 131
872 1 109 41 263 126
873 1 102 31 264 120
874 1 101 23 263 112
875 1 100 20 261 109
876 1 99 19 261 108
877 1 101 22 255 107
878 1 101 23 255 108
879 1 101 27 248 107
880 1 100 29 247 110
881 1 94 26 248 111
882 1 92 23 246 108
883 1 89 23 243 108
884 1 87 20 241 104
885 1 84 19 238 104
886 1 80 17 241 106
887 1 74 22 236 112
888 1 66 25 228 114
889 1 66 17 228 106
890 1 62 9 224 98
891 1 54 20 204 93
892 1 45 17 195 89
893 1 43 9 193 82
894 1 39 0 189 70
895 1 38 0 188 65
896 1 34 0 184 56
897 1 36 0 159 42
898 1 36 0 160 39
899 1 38 0 162 36
900 1 42 0 160 24
901 1 39 0 157 22
904 1 35 0 181 30
905 1 34 0 183 38
906 1 32 0 184 46
907 1 32 0 183 46
908 1 25 0 184 43
909 1 19 0 184 47
910 1 14 0 186 50
911 1 9 0 183 48
912 1 10 0 192 48
913 1 10 0 192 45
914 1 10 0 192 44
915 1 10 0 191 43
916 1 12 0 186 41
917 1 14 0 186 50
918 1 14 0 187 51
919 1 38 0 194 58
920 1 40 0 180 69
921 1 41 0 182 71
922 1 59 0 183 80
923 1 63 0 187 83
924 1 66 0 190 87
925 1 66 0 190 91
926 1 62 4 190 96
927 1 60 3 194 100
928 1 53 5 196 107
929 1 47 8 198 112
930 1 44 19 201 119
931 1 48 20 205 119
932 1 50 19 208 118
933 1 60 21 217 121
934 1 60 22 217 121
935 1 78 23 217 119
936 1 79 20 218 115
937 1 79 18 218 113
938 1 82 17 221 112
939 1 99 6 221 93
940 1 98 6 220 93
941 1 99 8 218 97
942 1 98 8 216 97
943 1 95 7 208 108
944 1 93 4 211 114
945 1 92 2 210 112
946 1 97 0 205 120
947 1 98 0 204 124
948 1 99 0 202 132
949 1 105 1 204 145
950 1 107 5 206 156
951 1 110 14 208 170
952 1 110 16 209 173
953 1 114 18 212 175
954 1 118 18 212 183
955 1 122 18 216 183
956 1 120 19 219 186
957 1 119 18 218 184
958 1 119 17 217 183
959 1 119 13 222 187
960 1 120 12 223 187
961 1 122 12 225 187
962 1 123 12 226 187
963 1 124 13 227 187
964 1 125 16 228 191
965 1 131 18 219 202
966 1 131 23 220 206
967 1 131 24 219 207
968 1 132 24 221 207
969 1 133 14 221 198
970 1 135 6 224 190
971 1 137 5 225 188
972 1 138 5 226 189
973 1 139 4 227 188
974 1 142 2 230 186
975 1 143 6 219 188
976 1 144 5 220 187
977 1 145 14 217 187
978 1 145 17 217 190
979 1 144 18 216 190
980 1 143 16 219 197
981 1 141 10 220 201
982 1 141 14 221 204
983 1 141 9 225 209
984 1 140 4 228 214
985 1 138 1 230 221
986 1 138 3 230 224
987 1 140 4 232 224
988 1 141 4 233 225
989 1 139 6 231 226
990 1 141 11 229 222
991 1 148 24 226 221
992 1 146 20 228 227
993 1 146 22 229 229
994 1 149 27 227 224
995 1 149 26 227 223
996 1 150 22 228 219
997 1 149 20 227 217
998 1 146 10 228 217
999 1 146 2 228 209
1000 1 147 0 229 198
1001 1 144 0 210 164
1002 1 144 0 210 160
1003 1 141 0 208 158
1004 1 142 0 208 157
1005 1 142 0 208 159
1006 1 142 0 214 166
1007 1 141 0 214 166
1008 1 142 0 214 164
1009 1 142 0 214 160
1010 1 143 0 212 151
1011 1 141 0 210 147
1012 1 137 0 218 145
1013 1 138 0 226 130
1014 1 144 0 231 122
1015 1 143 0 239 116
1016 1 141 0 243 120
1017 1 139 0 244 132
1018 1 135 0 245 154
1019 1 130 0 240 182
1020 1 123 14 233 202
1021 1 115 34 220 213
1022 1 113 36 218 215
1023 1 112 35 217 214
1024 1 110 28 214 207
1025 1 100 18 211 206
1026 1 99 14 210 202
1027 1 99 12 209 200
1028 1 98 11 208 199
1029 1 99 11 198 193
1030 1 98 9 198 190
1031 1 100 8 199 189
1032 1 103 2 192 192
1033 1 104 3 192 192
1034 1 103 3 191 192
1035 1 102 2 190 192
1036 1 101 1 189 190
1037 1 102 3 190 192
1038 1 102 2 190 191
1039 1 102 1 190 191
1040 1 100 1 188 191
1041 1 100 0 188 180
1042 1 101 0 188 176
1043 1 101 0 192 182
1044 1 101 0 192 182
1045 1 98 0 190 181
1046 1 100 0 192 179
1047 1 103 0 195 180
1048 1 105 0 192 173
1049 1 110 0 177 170
1050 1 109 0 177 167
1051 1 108 0 179 168
1052 1 108 0 178 163
1053 1 109 0 180 160
1054 1 117 0 166 154
1055 1 116 0 166 153
1056 1 116 0 166 153
1057 1 118 0 165 148
1058 1 117 0 166 152
1059 1 117 0 166 152
1060 1 118 0 164 149
1061 1 118 0 164 153
1062 1 118 0 164 156
1063 1 117 0 166 163
1064 1 111 0 167 167
1065 1 112 0 167 168
1066 1 111 0 166 168
1067 1 110 0 165 169
1068 1 110 0 170 163
1069 1 109 0 169 162
1070 1 109 0 169 162
1071 1 108 0 168 162
1072 1 106 0 170 168
1073 1 104 0 167 168
1074 1 105 0 165 165
1075 1 106 0 166 165
1076 1 105 0 166 164
1077 1 106 0 166 163
1078 1 106 0 167 158
1079 1 106 0 170 161
1080 1 110 0 173 156
1081 1 117 0 177 140
1082 1 122 0 182 140
1083 1 126 0 183 136
1084 1 128 0 185 136
1085 1 129 0 189 138
1086 1 131 0 188 133
1087 1 132 0 189 134
1088 1 132 0 190 134
1089 1 144 0 193 126
1090 1 147 0 194 121
1091 1 148 0 197 116
1092 1 151 0 197 110
1093 1 151 0 197 103
1094 1 152 0 200 92
1095 1 153 0 204 84
1096 1 155 0 206 83
1097 1 161 0 209 78
1098 1 163 0 214 70
1099 1 165 0 216 70
1100 1 168 0 219 69
