1 1 124 102 158 186 0.000000 0.000000
1 2 192 98 227 153 0.000000 0.000000
1 3 226 92 285 187 0.000000 0.000000
2 1 124 101 158 186 -0.708000 -0.601000
2 2 191 98 227 153 -0.708000 -0.601000
2 3 225 91 285 187 -0.708000 -0.601000
3 1 123 100 158 189 0.179000 -0.294000
3 2 192 99 227 153 0.179000 -0.294000
3 3 225 91 284 186 0.179000 -0.294000
4 1 123 101 158 190 0.558000 -0.482000
4 2 192 99 227 153 0.558000 -0.482000
4 3 225 90 284 186 0.558000 -0.482000
5 1 123 101 158 190 1.115000 -0.206000
5 2 192 99 227 153 1.115000 -0.206000
5 3 226 90 285 185 1.115000 -0.206000
6 1 123 102 158 190 2.163000 0.577000
6 2 192 99 228 153 2.163000 0.577000
6 3 226 89 285 185 2.163000 0.577000
7 1 123 102 159 190 0.988000 0.307000
7 2 192 100 228 154 0.988000 0.307000
7 3 226 90 286 185 0.988000 0.307000
8 1 124 104 158 188 1.770000 -0.677000
8 2 193 100 228 154 1.770000 -0.677000
8 3 227 90 287 185 1.770000 -0.677000
9 1 125 103 159 188 1.884000 -0.744000
9 2 194 100 229 154 1.884000 -0.744000
9 3 228 89 288 185 1.884000 -0.744000
10 1 126 101 160 186 2.000000 -1.008000
10 2 195 100 230 154 2.000000 -1.008000
10 3 230 88 289 184 2.000000 -1.008000
11 1 127 100 161 185 2.334000 -1.505000
11 2 198 99 237 146 2.334000 -1.505000
11 3 231 86 291 181 2.334000 -1.505000
12 1 128 99 162 184 2.176000 -1.944000
12 2 199 98 238 144 2.176000 -1.944000
12 3 233 84 292 180 2.176000 -1.944000
13 1 129 99 163 183 1.820000 -2.306000
13 2 200 95 242 141 1.820000 -2.306000
13 3 232 78 295 178 1.820000 -2.306000
14 1 129 95 164 184 1.551000 -2.033000
14 2 201 93 243 140 1.551000 -2.033000
14 3 234 76 298 176 1.551000 -2.033000
15 1 129 91 166 184 1.376000 -2.101000
15 2 202 92 244 138 1.376000 -2.101000
15 3 234 74 299 174 1.376000 -2.101000
16 1 130 91 167 184 0.927000 -1.885000
16 2 203 91 245 137 0.927000 -1.885000
16 3 234 72 302 172 0.927000 -1.885000
17 1 130 89 169 187 1.011000 -1.422000
17 2 204 90 245 136 1.011000 -1.422000
17 3 235 71 304 171 1.011000 -1.422000
18 1 131 90 170 188 0.927000 -0.168000
18 2 205 90 247 137 0.927000 -0.168000
18 3 236 71 305 171 0.927000 -0.168000
19 1 132 91 171 190 0.829000 0.571000
19 2 206 91 248 138 0.829000 0.571000
19 3 238 71 306 171 0.829000 0.571000
20 1 132 92 172 190 0.852000 -0.021000
20 2 207 92 249 138 0.852000 -0.021000
20 3 240 71 308 172 0.852000 -0.021000
21 1 132 91 174 194 0.614000 0.486000
21 2 207 92 249 138 0.614000 0.486000
21 3 240 72 309 172 0.614000 0.486000
22 1 132 91 174 194 -0.417000 0.717000
22 2 211 93 252 139 -0.417000 0.717000
22 3 241 72 309 172 -0.417000 0.717000
23 1 134 93 173 191 0.605000 -0.722000
23 2 210 92 252 139 0.605000 -0.722000
23 3 242 71 310 172 0.605000 -0.722000
24 1 134 93 173 192 -0.774000 -0.454000
24 2 211 93 251 138 -0.774000 -0.454000
24 3 241 71 309 171 -0.774000 -0.454000
25 1 134 93 173 192 -0.974000 -0.909000
25 2 211 93 251 138 -0.974000 -0.909000
25 3 240 70 309 170 -0.974000 -0.909000
26 1 134 93 173 191 -0.999000 -1.308000
26 2 208 86 250 137 -0.999000 -1.308000
26 3 241 68 309 169 -0.999000 -1.308000
27 1 134 93 173 192 -0.811000 -1.060000
27 2 208 85 250 137 -0.811000 -1.060000
27 3 240 67 308 168 -0.811000 -1.060000
28 1 133 92 172 190 -1.160000 -0.756000
28 2 207 84 249 136 -1.160000 -0.756000
28 3 239 66 308 166 -1.160000 -0.756000
29 1 132 92 172 190 -1.389000 -0.171000
29 2 206 84 248 136 -1.389000 -0.171000
29 3 238 65 306 165 -1.389000 -0.171000
30 1 131 91 170 189 -1.809000 -0.490000
30 2 205 83 247 135 -1.809000 -0.490000
30 3 234 62 306 167 -1.809000 -0.490000
31 1 129 88 170 192 -1.623000 -0.471000
31 2 203 83 244 134 -1.623000 -0.471000
31 3 233 62 304 167 -1.623000 -0.471000
32 1 127 86 170 194 -1.079000 -0.032000
32 2 202 83 244 135 -1.079000 -0.032000
32 3 232 60 304 172 -1.079000 -0.032000
33 1 126 86 170 194 -0.865000 -0.105000
33 2 202 89 242 134 -0.865000 -0.105000
33 3 230 60 302 173 -0.865000 -0.105000
34 1 126 85 164 185 -1.273000 0.898000
34 2 202 89 242 133 -1.273000 0.898000
34 3 234 73 310 183 -1.273000 0.898000
35 1 126 86 163 186 0.465000 0.681000
35 2 202 90 242 134 0.465000 0.681000
35 3 236 71 311 182 0.465000 0.681000
36 1 126 87 164 187 1.144000 0.678000
36 2 202 91 242 135 1.144000 0.678000
36 3 236 72 312 182 1.144000 0.678000
37 1 127 88 165 188 1.422000 1.005000
37 2 205 93 244 138 1.422000 1.005000
37 3 241 74 316 185 1.422000 1.005000
38 1 130 89 168 189 3.240000 1.162000
38 2 208 95 247 140 3.240000 1.162000
38 3 243 76 318 186 3.240000 1.162000
39 1 134 90 171 190 4.299000 -0.514000
39 2 212 96 252 140 4.299000 -0.514000
39 3 246 77 320 187 4.299000 -0.514000
40 1 136 90 174 190 2.770000 -0.600000
40 2 215 96 254 140 2.770000 -0.600000
40 3 250 76 320 186 2.770000 -0.600000
41 1 140 91 178 191 6.100000 0.538000
41 2 220 97 264 149 6.100000 0.538000
41 3 258 77 320 187 6.100000 0.538000
42 1 142 94 188 189 5.369000 1.755000
42 2 224 100 273 152 5.369000 1.755000
42 3 263 78 320 189 5.369000 1.755000
43 1 145 95 191 190 5.911000 1.903000
43 2 229 102 278 154 5.911000 1.903000
43 3 269 80 320 191 5.911000 1.903000
44 1 149 96 194 191 5.448000 1.192000
44 2 232 103 278 157 5.448000 1.192000
44 3 274 91 320 188 5.448000 1.192000
45 1 151 97 196 192 3.307000 1.975000
45 2 229 108 287 161 3.307000 1.975000
45 3 277 100 320 188 3.307000 1.975000
46 1 274 109 320 191 2.287000 4.648000
46 2 153 101 198 196 2.287000 4.648000
46 3 230 114 289 169 2.287000 4.648000
47 1 282 138 320 206 5.092000 9.790000
47 2 148 112 209 198 5.092000 9.790000
47 3 235 129 294 184 5.092000 9.790000
48 1 294 150 320 211 10.082000 5.045000
48 2 154 118 214 203 10.082000 5.045000
48 3 240 138 310 192 10.082000 5.045000
49 1 163 123 223 208 6.242000 4.576000
49 2 252 150 320 205 6.242000 4.576000
50 1 170 128 230 213 3.518000 4.668000
50 2 260 166 320 226 3.518000 4.668000
51 1 183 130 240 215 2.653000 2.168000
51 2 272 162 320 220 2.653000 2.168000
52 1 192 116 249 202 -0.353000 2.437000
52 2 279 163 320 223 -0.353000 2.437000
53 1 293 186 320 226 3.271000 -2.407000
53 2 205 108 261 193 3.271000 -2.407000
54 1 213 101 269 187 2.003000 -2.562000
55 1 222 97 275 178 2.350000 -1.121000
56 1 226 89 279 170 3.126000 -1.059000
57 1 227 83 283 168 1.267000 -7.175000
58 1 226 84 285 173 3.307000 0.280000
59 1 240 80 302 174 8.020000 1.430000
60 1 245 72 310 171 6.807000 3.281000
61 1 257 59 320 152 8.545000 5.849000
62 1 271 49 320 141 6.375000 6.866000
63 1 275 38 320 130 3.462000 4.641000
64 1 277 23 320 115 -5.542000 6.491000
65 1 281 7 320 99 -12.299000 10.052000
66 1 282 0 320 84 -10.197000 10.890000
67 1 280 0 320 78 -6.537000 10.199000
68 1 276 0 320 72 -7.192000 5.832000
69 1 270 0 320 68 -5.381000 1.455000
70 1 266 0 312 63 -1.845000 -3.784000
71 1 261 0 304 58 -3.411000 -1.184000
72 1 254 0 298 52 -5.126000 -0.862000
73 1 249 0 288 44 -4.155000 1.152000
74 1 242 0 279 40 -0.851000 3.545000
75 1 239 0 276 39 0.281000 4.071000
76 1 236 0 273 39 -1.064000 1.453000
77 1 239 0 267 32 0.149000 0.569000
78 1 238 0 268 34 -0.505000 -0.433000
79 1 240 0 270 35 1.227000 -0.854000
80 1 241 0 272 37 0.216000 -0.566000
81 1 242 0 273 35 -3.655000 -0.567000
82 1 242 0 270 32 -9.102000 1.622000
83 1 226 0 256 34 -14.309000 2.296000
84 1 216 0 244 44 -7.949000 2.609000
84 2 283 7 320 63 -7.949000 2.609000
85 1 211 0 238 46 2.635000 4.877000
85 2 278 0 320 59 2.635000 4.877000
86 1 205 0 232 46 -5.714000 3.161000
86 2 265 0 320 60 -5.714000 3.161000
87 1 197 0 224 47 -8.511000 3.642000
87 2 255 0 320 57 -8.511000 3.642000
88 1 189 0 218 48 -4.242000 -0.371000
88 2 251 1 320 56 -4.242000 -0.371000
89 1 185 0 213 49 -2.257000 -2.656000
89 2 245 0 316 50 -2.257000 -2.656000
90 1 180 0 206 48 -3.986000 -0.750000
90 2 243 0 312 52 -3.986000 -0.750000
91 1 178 0 203 47 -3.987000 -2.689000
91 2 238 0 305 48 -3.987000 -2.689000
92 1 175 0 201 42 -2.216000 -5.743000
92 2 237 0 301 41 -2.216000 -5.743000
93 1 180 0 199 35 -2.543000 -5.070000
93 2 228 0 295 31 -2.543000 -5.070000
94 1 180 0 198 32 -1.763000 -2.473000
94 2 227 0 290 26 -1.763000 -2.473000
95 1 180 0 199 30 1.773000 -2.369000
95 2 232 0 292 22 1.773000 -2.369000
96 1 180 0 199 26 -2.206000 -3.020000
96 2 232 0 292 12 -2.206000 -3.020000
97 1 180 0 199 23 -1.673000 -1.908000
98 1 180 0 201 30 2.644000 0.509000
99 1 186 0 201 20 3.138000 0.871000
106 1 243 0 294 19 3.273000 -3.645000
107 1 247 0 298 19 3.440000 -4.056000
108 1 0 239 21 240 3.271000 -7.035000
108 2 242 0 292 19 3.271000 -7.035000
109 1 245 0 296 21 -0.199000 -18.098000
110 1 247 0 298 18 1.216000 -16.690001
111 1 245 0 296 24 2.259000 -17.354000
112 1 245 0 296 25 -4.625000 -6.793000
113 1 245 0 296 24 1.465000 -0.332000
114 1 242 0 295 24 5.793000 -10.054000
115 1 244 0 297 23 0.820000 1.004000
116 1 244 0 300 26 0.465000 0.910000
117 1 243 0 300 26 -0.002000 0.670000
118 1 246 0 305 24 1.658000 2.074000
119 1 248 0 308 24 2.742000 1.815000
120 1 252 0 313 25 2.285000 1.095000
121 1 196 0 212 7 1.122000 0.560000
121 2 252 0 315 30 1.122000 0.560000
122 1 196 0 211 8 -2.601000 -0.135000
122 2 253 0 317 30 -2.601000 -0.135000
123 1 190 0 205 9 -10.338000 1.080000
123 2 247 0 313 34 -10.338000 1.080000
124 1 178 0 201 21 -8.871000 2.322000
124 2 213 0 311 52 -8.871000 2.322000
125 1 175 0 197 22 -1.688000 1.676000
125 2 212 0 305 51 -1.688000 1.676000
126 1 172 2 195 24 -2.442000 3.024000
126 2 211 2 300 51 -2.442000 3.024000
127 1 167 0 193 30 -6.678000 4.372000
127 2 203 0 296 58 -6.678000 4.372000
128 1 167 3 192 35 0.234000 5.381000
128 2 200 0 288 70 0.234000 5.381000
129 1 147 0 213 40 1.659000 4.479000
129 2 201 2 289 74 1.659000 4.479000
130 1 146 0 215 45 -0.160000 4.325000
130 2 200 0 316 81 -0.160000 4.325000
131 1 146 5 216 50 1.147000 3.994000
131 2 218 0 319 84 1.147000 3.994000
132 1 227 4 320 79 1.738000 3.233000
132 2 150 0 212 60 1.738000 3.233000
133 1 228 6 320 81 1.693000 2.182000
133 2 152 1 214 62 1.693000 2.182000
134 1 228 11 320 86 2.993000 2.263000
134 2 155 4 217 65 2.993000 2.263000
135 1 232 16 320 88 3.359000 2.133000
135 2 158 6 220 67 3.359000 2.133000
136 1 238 16 320 88 5.296000 0.421000
136 2 172 6 224 67 5.296000 0.421000
137 1 244 14 320 86 7.104000 0.049000
137 2 176 6 228 67 7.104000 0.049000
138 1 251 13 320 85 6.520000 -0.521000
138 2 183 6 234 66 6.520000 -0.521000
139 1 256 10 320 86 3.491000 -1.346000
139 2 188 4 240 65 3.491000 -1.346000
140 1 259 12 320 88 1.868000 0.536000
140 2 191 4 242 65 1.868000 0.536000
141 1 261 15 320 90 1.280000 1.741000
141 2 193 6 245 67 1.280000 1.741000
142 1 260 18 320 97 0.825000 2.434000
142 2 195 9 246 70 0.825000 2.434000
143 1 260 20 320 100 1.118000 1.937000
143 2 196 11 248 72 1.118000 1.937000
144 1 261 23 320 103 0.642000 2.194000
144 2 196 13 248 74 0.642000 2.194000
145 1 260 24 320 104 -1.354000 1.045000
145 2 196 16 248 76 -1.354000 1.045000
146 1 257 25 320 104 -1.531000 -0.154000
146 2 195 16 246 77 -1.531000 -0.154000
147 1 253 22 320 105 -2.280000 -1.089000
147 2 194 15 245 76 -2.280000 -1.089000
148 1 250 21 320 104 -3.095000 -1.207000
148 2 191 14 243 75 -3.095000 -1.207000
149 1 245 21 320 104 -2.310000 -0.737000
149 2 189 13 240 74 -2.310000 -0.737000
150 1 244 22 320 106 -0.964000 -0.897000
150 2 188 12 240 73 -0.964000 -0.897000
151 1 243 22 320 106 -0.945000 -0.160000
151 2 188 13 240 74 -0.945000 -0.160000
152 1 243 24 320 107 -0.938000 -1.277000
152 2 188 12 239 73 -0.938000 -1.277000
153 1 245 27 320 106 0.600000 1.743000
153 2 187 12 241 76 0.600000 1.743000
154 1 249 31 320 107 2.563000 2.051000
154 2 190 16 242 77 2.563000 2.051000
155 1 253 32 320 108 4.340000 1.381000
155 2 194 17 246 78 4.340000 1.381000
156 1 256 31 320 110 5.243000 -0.081000
156 2 197 16 251 80 5.243000 -0.081000
157 1 259 32 320 111 4.686000 -0.903000
157 2 201 14 255 78 4.686000 -0.903000
158 1 264 34 320 109 3.439000 -0.041000
158 2 205 14 259 78 3.439000 -0.041000
159 1 266 36 320 112 2.483000 -0.190000
159 2 209 15 263 79 2.483000 -0.190000
160 1 267 37 320 113 1.210000 -0.894000
160 2 211 14 265 78 1.210000 -0.894000
161 1 269 39 320 115 0.845000 0.463000
161 2 213 15 267 79 0.845000 0.463000
162 1 274 43 320 115 3.182000 1.563000
162 2 215 17 269 81 3.182000 1.563000
163 1 274 44 320 116 1.359000 0.877000
163 2 217 18 271 82 1.359000 0.877000
164 1 276 47 320 116 -0.767000 0.734000
164 2 217 19 271 83 -0.767000 0.734000
165 1 273 48 320 117 -1.249000 0.520000
165 2 216 20 270 84 -1.249000 0.520000
166 1 272 47 320 116 -2.267000 -1.190000
166 2 214 18 268 82 -2.267000 -1.190000
167 1 265 44 320 116 -3.189000 -1.579000
167 2 211 16 265 80 -3.189000 -1.579000
168 1 262 39 320 115 -2.032000 -1.210000
168 2 209 16 263 80 -2.032000 -1.210000
169 1 258 36 320 111 -2.879000 -1.740000
169 2 205 14 259 78 -2.879000 -1.740000
170 1 255 34 320 109 -2.587000 -1.544000
170 2 202 12 256 76 -2.587000 -1.544000
171 1 252 34 320 110 -2.157000 -0.546000
171 2 201 12 255 76 -2.157000 -0.546000
172 1 250 35 320 114 -0.762000 0.502000
172 2 200 13 255 77 -0.762000 0.502000
173 1 250 35 320 114 0.700000 -0.196000
173 2 201 13 255 77 0.700000 -0.196000
174 1 250 36 320 115 0.797000 -1.052000
174 2 200 11 257 78 0.797000 -1.052000
175 1 250 36 320 116 0.751000 -1.283000
175 2 201 11 258 78 0.751000 -1.283000
176 1 252 33 320 116 3.873000 0.286000
176 2 204 12 260 79 3.873000 0.286000
177 1 255 32 320 115 5.066000 -1.440000
177 2 207 11 264 78 5.066000 -1.440000
178 1 260 30 320 113 4.108000 -1.633000
178 2 211 8 268 76 4.108000 -1.633000
179 1 263 30 320 113 2.715000 -1.713000
179 2 216 9 270 73 2.715000 -1.713000
180 1 264 31 320 114 1.256000 -1.637000
180 2 219 9 273 72 1.256000 -1.637000
181 1 266 32 320 115 0.980000 -0.850000
181 2 221 9 275 73 0.980000 -0.850000
182 1 266 33 320 116 1.289000 -0.557000
182 2 223 9 277 73 1.289000 -0.557000
183 1 266 34 320 118 1.304000 -1.034000
183 2 224 10 278 73 1.304000 -1.034000
184 1 269 37 320 116 1.545000 0.295000
184 2 224 10 278 73 1.545000 0.295000
185 1 267 35 320 115 -1.103000 -0.459000
185 2 223 9 278 73 -1.103000 -0.459000
186 1 263 32 320 112 -3.238000 -1.825000
186 2 220 6 274 70 -3.238000 -1.825000
187 1 260 31 320 106 -2.815000 -2.674000
187 2 216 3 270 67 -2.815000 -2.674000
188 1 258 25 320 100 -2.436000 -3.033000
188 2 213 0 268 64 -2.436000 -3.033000
189 1 253 29 320 98 -3.602000 -3.483000
189 2 211 0 265 60 -3.602000 -3.483000
190 1 249 31 320 99 -2.159000 -1.314000
190 2 208 0 263 59 -2.159000 -1.314000
191 1 246 31 320 100 -0.189000 -0.750000
191 2 208 0 262 58 -0.189000 -0.750000
192 1 245 30 320 99 -0.811000 -1.429000
192 2 207 0 262 56 -0.811000 -1.429000
193 1 245 29 320 98 -0.427000 -0.988000
193 2 207 0 261 55 -0.427000 -0.988000
194 1 246 25 320 97 1.727000 -0.617000
194 2 208 0 262 55 1.727000 -0.617000
195 1 247 28 320 97 2.387000 0.688000
195 2 211 0 263 54 2.387000 0.688000
196 1 250 27 320 98 3.569000 0.536000
196 2 214 0 266 54 3.569000 0.536000
197 1 252 27 320 97 4.486000 -0.711000
197 2 218 0 269 53 4.486000 -0.711000
198 1 255 30 320 96 4.075000 0.328000
198 2 222 0 273 53 4.075000 0.328000
199 1 259 31 320 97 3.375000 -0.677000
199 2 225 0 277 52 3.375000 -0.677000
200 1 262 27 320 95 2.260000 -1.201000
200 2 228 0 280 52 2.260000 -1.201000
201 1 226 0 280 44 1.771000 -1.781000
201 2 259 20 320 100 1.771000 -1.781000
202 1 233 0 282 42 1.530000 -1.259000
202 2 255 16 320 105 1.530000 -1.259000
203 1 234 0 281 40 1.870000 -0.792000
203 2 257 28 320 98 1.870000 -0.792000
204 1 235 0 281 42 0.005000 -1.916000
204 2 255 28 320 95 0.005000 -1.916000
205 1 234 0 279 39 -2.184000 -2.893000
205 2 245 25 320 92 -2.184000 -2.893000
206 1 230 0 277 36 -2.106000 -2.348000
206 2 248 26 320 93 -2.106000 -2.348000
207 1 226 0 274 34 -2.596000 -2.120000
207 2 247 16 320 87 -2.596000 -2.120000
208 1 222 0 270 30 -3.224000 -3.133000
208 2 242 9 320 80 -3.224000 -3.133000
209 1 218 0 266 21 -2.685000 -2.698000
209 2 238 0 320 74 -2.685000 -2.698000
210 1 223 0 256 19 -1.918000 -2.089000
210 2 237 0 320 74 -1.918000 -2.089000
211 1 230 0 320 65 -1.383000 -2.187000
212 1 227 0 320 67 0.151000 -2.507000
213 1 237 0 320 59 3.303000 -1.607000
214 1 236 0 320 66 4.792000 -1.750000
215 1 248 0 320 60 5.955000 -1.267000
216 1 254 0 320 52 7.892000 -0.713000
217 1 266 0 320 54 8.855000 0.032000
218 1 264 0 320 62 8.038000 -1.028000
219 1 269 0 320 62 5.785000 -1.739000
220 1 274 0 320 67 3.859000 -1.114000
221 1 273 2 320 80 2.943000 0.053000
222 1 288 0 320 71 2.342000 0.383000
223 1 281 0 320 74 0.414000 -0.830000
224 1 283 0 320 73 -2.815000 -4.791000
225 1 282 0 320 73 -1.212000 -2.056000
226 1 280 0 320 74 -1.719000 -1.611000
227 1 268 0 320 70 -2.265000 -1.698000
228 1 271 0 320 63 -3.196000 -2.187000
229 1 267 0 320 65 -3.620000 -1.614000
230 1 255 0 320 63 -3.306000 -0.426000
231 1 248 0 320 60 -3.044000 -0.371000
232 1 254 0 320 55 -2.943000 -0.514000
233 1 244 0 320 61 -2.562000 -0.196000
234 1 240 0 320 65 -2.304000 -0.420000
235 1 237 0 320 56 -2.089000 -0.481000
236 1 236 0 320 55 -1.188000 0.600000
237 1 230 0 320 63 -0.717000 0.951000
238 1 241 0 320 63 -1.319000 1.093000
239 1 237 0 320 67 -1.419000 1.644000
240 1 232 0 320 70 -1.837000 1.845000
241 1 231 0 320 70 -1.535000 1.923000
242 1 229 0 320 72 -1.028000 1.726000
243 1 231 0 320 72 -1.351000 1.607000
244 1 230 0 320 71 -0.144000 0.550000
245 1 233 0 320 70 -1.373000 0.186000
246 1 233 0 320 72 0.554000 0.745000
247 1 232 0 320 73 -0.382000 0.520000
248 1 231 0 320 74 -1.065000 -0.267000
249 1 228 0 320 77 -1.058000 0.371000
250 1 223 0 320 76 -1.985000 -0.418000
251 1 217 0 320 78 -2.781000 -0.790000
252 1 213 0 320 77 -3.525000 -1.298000
253 1 208 0 320 76 -4.271000 -1.131000
254 1 203 0 320 73 -4.854000 -1.079000
255 1 198 0 320 72 -5.341000 -0.889000
256 1 194 0 320 71 -5.207000 1.004000
257 1 189 0 320 78 -5.220000 1.362000
258 1 184 1 320 78 -3.555000 1.705000
259 1 182 5 320 82 -2.841000 1.709000
260 1 178 8 320 85 -1.234000 2.138000
261 1 177 12 319 89 0.194000 3.798000
262 1 177 17 319 94 1.272000 3.831000
263 1 178 23 320 100 2.299000 3.815000
263 2 193 0 248 25 2.299000 3.815000
264 1 183 29 318 102 2.035000 2.625000
264 2 198 0 256 28 2.035000 2.625000
265 1 187 34 320 104 1.192000 2.546000
265 2 199 0 257 31 1.192000 2.546000
266 1 189 37 318 107 1.261000 2.168000
266 2 202 0 259 39 1.261000 2.168000
267 1 190 42 318 112 0.941000 1.398000
267 2 200 0 260 53 0.941000 1.398000
268 1 187 43 320 116 -0.040000 0.749000
268 2 200 0 260 53 -0.040000 0.749000
269 1 187 45 320 118 -0.746000 0.623000
269 2 204 0 264 55 -0.746000 0.623000
270 1 182 43 320 120 -1.967000 -0.845000
270 2 203 0 263 55 -1.967000 -0.845000
271 1 178 44 320 121 -2.333000 -1.096000
271 2 202 0 262 55 -2.333000 -1.096000
272 1 176 44 318 121 -3.045000 -0.583000
272 2 201 0 261 54 -3.045000 -0.583000
273 1 176 43 306 111 -4.727000 -0.608000
273 2 196 0 260 56 -4.727000 -0.608000
274 1 170 39 307 110 -5.499000 -1.037000
274 2 193 0 256 41 -5.499000 -1.037000
275 1 166 37 296 105 -5.409000 -0.816000
275 2 192 0 252 39 -5.409000 -0.816000
276 1 164 36 294 104 -5.899000 -0.436000
276 2 196 0 240 32 -5.899000 -0.436000
277 1 160 38 290 106 -4.832000 1.207000
277 2 193 0 237 33 -4.832000 1.207000
278 1 156 41 286 109 -0.888000 0.821000
278 2 191 0 235 35 -0.888000 0.821000
279 1 152 46 288 117 0.289000 3.474000
279 2 189 2 241 50 0.289000 3.474000
280 1 152 55 288 126 3.490000 3.651000
280 2 189 11 241 58 3.490000 3.651000
281 1 149 65 292 139 4.658000 4.291000
281 2 192 21 244 68 4.658000 4.291000
282 1 155 72 280 148 9.246000 -0.365000
282 2 198 28 250 76 9.246000 -0.365000
283 1 162 86 293 180 8.855000 3.383000
283 2 210 42 265 91 8.855000 3.383000
284 1 184 114 308 206 8.160000 -0.511000
284 2 223 61 282 111 8.160000 -0.511000
285 1 200 120 320 236 5.240000 -3.725000
285 2 245 83 305 125 5.240000 -3.725000
286 1 202 129 320 207 6.126000 -6.211000
286 2 265 89 320 131 6.126000 -6.211000
287 1 214 119 320 220 8.839000 -10.455000
287 2 278 96 320 138 8.839000 -10.455000
288 1 224 121 320 234 17.294001 -3.726000
289 1 248 138 320 213 25.400999 1.960000
319 1 286 141 320 207 -13.065000 6.553000
320 1 276 129 320 195 -7.925000 2.542000
321 1 252 127 320 194 -11.203000 -0.738000
322 1 254 112 320 208 -4.135000 -1.298000
323 1 246 105 320 192 -3.219000 -1.640000
324 1 243 99 320 186 -3.121000 -3.720000
325 1 243 93 320 180 2.715000 -0.192000
326 1 246 88 320 175 6.912000 1.721000
327 1 247 82 320 169 5.154000 0.258000
328 1 244 74 320 166 5.350000 -9.015000
329 1 242 69 320 160 3.966000 -5.953000
330 1 243 63 320 154 4.301000 -3.782000
331 1 243 58 320 149 2.697000 -2.259000
332 1 243 54 320 146 0.961000 1.608000
333 1 244 50 320 142 3.125000 2.614000
334 1 241 47 320 138 3.343000 5.510000
335 1 240 50 320 141 1.151000 4.341000
336 1 243 47 320 138 3.059000 4.302000
337 1 232 45 320 128 5.475000 4.980000
338 1 232 44 320 126 4.593000 2.865000
339 1 231 44 320 126 3.789000 -0.684000
340 1 230 44 320 126 4.597000 -0.678000
341 1 230 42 320 125 5.001000 -0.939000
342 1 231 43 320 125 4.205000 1.016000
343 1 230 42 320 124 0.433000 0.036000
344 1 230 40 320 123 -3.510000 -2.478000
345 1 230 39 320 121 -5.451000 -4.328000
346 1 224 37 320 127 -2.899000 -3.795000
347 1 220 33 320 127 -0.903000 -3.753000
348 1 220 31 320 125 0.927000 -3.157000
349 1 219 28 320 122 0.860000 -3.390000
350 1 219 25 320 119 0.926000 -3.706000
351 1 220 24 320 113 -0.320000 -2.865000
352 1 218 21 320 111 -1.213000 -1.026000
353 1 215 20 320 114 1.551000 3.834000
354 1 216 20 320 114 4.905000 8.154000
355 1 216 23 320 117 1.279000 11.225000
356 1 210 28 320 127 -5.567000 18.193001
357 1 210 19 320 113 -11.742000 7.262000
358 1 198 35 320 129 -16.107000 15.983000
359 1 187 54 320 139 -12.066000 13.554000
360 1 179 67 314 152 -12.433000 15.716000
361 1 165 90 317 170 -19.530001 15.577000
361 2 290 14 320 95 -19.530001 15.577000
362 1 159 103 304 179 -10.794000 11.813000
362 2 281 20 320 104 -10.794000 11.813000
363 1 155 113 293 186 -9.836000 8.766000
363 2 275 22 320 107 -9.836000 8.766000
364 1 147 120 284 193 -9.908000 8.404000
364 2 262 30 320 123 -9.908000 8.404000
365 1 148 129 279 198 -5.058000 9.421000
365 2 261 33 320 130 -5.058000 9.421000
366 1 137 131 275 204 -7.650000 6.822000
366 2 252 35 316 131 -7.650000 6.822000
367 1 118 136 256 209 -7.328000 5.028000
367 2 230 46 290 137 -7.328000 5.028000
368 1 106 141 243 214 -9.389000 2.972000
368 2 215 54 275 145 -9.389000 2.972000
369 1 95 149 233 222 -7.755000 5.352000
369 2 204 63 265 155 -7.755000 5.352000
370 1 94 156 232 229 -0.828000 4.100000
370 2 205 72 266 163 -0.828000 4.100000
371 1 76 160 233 236 -2.532000 3.559000
371 2 204 79 264 171 -2.532000 3.559000
372 1 74 163 224 235 -4.505000 1.155000
372 2 200 85 261 177 -4.505000 1.155000
373 1 67 166 224 240 -3.295000 4.448000
373 2 200 97 257 184 -3.295000 4.448000
374 1 64 171 221 240 -2.096000 3.422000
374 2 199 103 256 191 -2.096000 3.422000
375 1 63 173 220 240 -1.048000 -1.370000
375 2 198 105 256 193 -1.048000 -1.370000
376 1 62 172 220 240 0.123000 -2.307000
376 2 199 104 256 192 0.123000 -2.307000
377 1 62 171 219 240 0.054000 -3.068000
377 2 197 101 257 193 0.054000 -3.068000
378 1 62 168 197 240 1.097000 -4.848000
378 2 199 100 260 192 1.097000 -4.848000
379 1 62 162 198 238 2.682000 -5.873000
379 2 200 96 264 193 2.682000 -5.873000
380 1 67 150 204 240 5.646000 -8.424000
380 2 207 88 271 184 5.646000 -8.424000
381 1 73 139 210 236 5.835000 -8.180000
381 2 215 78 278 175 5.835000 -8.180000
382 1 77 136 214 232 5.398000 -3.500000
382 2 221 75 284 172 5.398000 -3.500000
383 1 87 127 217 219 5.312000 -5.370000
383 2 228 68 292 164 5.312000 -5.370000
384 1 87 126 218 217 2.394000 -2.011000
384 2 231 64 295 161 2.394000 -2.011000
385 1 87 124 218 216 0.135000 -0.844000
385 2 234 65 294 156 0.135000 -0.844000
386 1 87 123 217 215 0.685000 -1.163000
386 2 234 64 295 156 0.685000 -1.163000
387 1 86 118 228 214 -0.609000 -1.244000
387 2 233 64 294 156 -0.609000 -1.244000
388 1 82 115 232 216 1.105000 -1.665000
388 2 234 63 295 155 1.105000 -1.665000
389 1 86 117 228 213 1.204000 -0.646000
389 2 236 62 296 154 1.204000 -0.646000
390 1 87 119 230 215 1.270000 1.974000
390 2 235 60 299 156 1.270000 1.974000
391 1 88 121 230 217 1.843000 1.557000
391 2 237 62 301 158 1.843000 1.557000
392 1 87 120 236 220 4.644000 0.992000
392 2 241 62 305 158 4.644000 0.992000
393 1 91 124 240 224 4.359000 1.730000
393 2 245 61 312 162 4.359000 1.730000
394 1 92 124 242 224 2.789000 1.030000
394 2 247 58 317 164 2.789000 1.030000
395 1 99 127 241 223 3.719000 -0.284000
395 2 251 57 320 164 3.719000 -0.284000
396 1 102 129 244 225 2.579000 0.383000
396 2 255 57 320 163 2.579000 0.383000
397 1 103 131 245 227 2.065000 1.507000
397 2 257 57 320 163 2.065000 1.507000
398 1 105 131 255 223 2.729000 -0.047000
398 2 256 59 320 160 2.729000 -0.047000
399 1 106 132 256 224 1.388000 -0.800000
399 2 258 57 320 158 1.388000 -0.800000
400 1 105 134 255 226 0.721000 1.060000
400 2 259 58 320 165 0.721000 1.060000
401 1 108 132 258 224 0.048000 1.580000
401 2 259 60 320 169 0.048000 1.580000
402 1 108 132 258 224 0.151000 -0.525000
402 2 258 62 320 170 0.151000 -0.525000
403 1 107 133 257 225 -0.823000 -0.743000
403 2 258 62 320 169 -0.823000 -0.743000
404 1 106 131 256 224 -0.813000 -0.937000
404 2 258 61 320 168 -0.813000 -0.937000
405 1 108 130 251 218 -0.431000 -2.698000
405 2 257 58 320 165 -0.431000 -2.698000
406 1 107 126 249 214 -1.093000 -3.287000
406 2 256 53 320 160 -1.093000 -3.287000
407 1 101 120 251 212 -1.047000 -2.746000
407 2 254 51 320 158 -1.047000 -2.746000
408 1 100 116 250 208 -0.832000 -2.498000
408 2 254 47 320 154 -0.832000 -2.498000
409 1 99 113 249 205 -0.320000 -2.641000
409 2 253 45 320 152 -0.320000 -2.641000
410 1 99 111 248 203 -0.949000 -1.024000
410 2 253 44 320 151 -0.949000 -1.024000
411 1 97 109 246 202 -1.017000 -0.554000
411 2 252 44 320 151 -1.017000 -0.554000
412 1 96 108 246 200 -0.710000 -0.634000
412 2 251 43 320 150 -0.710000 -0.634000
413 1 95 109 245 201 -0.795000 -0.455000
413 2 251 44 320 151 -0.795000 -0.455000
414 1 98 109 240 196 0.502000 0.618000
414 2 251 43 320 150 0.502000 0.618000
415 1 99 111 241 198 1.129000 1.142000
415 2 252 45 320 152 1.129000 1.142000
416 1 102 112 238 196 1.181000 1.262000
416 2 253 45 320 152 1.181000 1.262000
417 1 103 115 239 199 1.474000 2.131000
417 2 254 47 320 154 1.474000 2.131000
418 1 105 119 241 203 1.786000 3.051000
418 2 255 48 320 156 1.786000 3.051000
419 1 103 120 246 208 1.906000 2.376000
419 2 257 50 320 157 1.906000 2.376000
420 1 104 122 247 210 2.929000 0.953000
420 2 260 52 320 159 2.929000 0.953000
421 1 110 123 246 206 3.598000 -0.982000
421 2 271 60 320 161 3.598000 -0.982000
422 1 114 122 249 206 3.132000 -1.496000
422 2 275 61 320 162 3.132000 -1.496000
423 1 111 120 254 208 3.509000 -0.290000
423 2 278 62 320 163 3.509000 -0.290000
424 1 112 120 254 207 2.626000 -0.918000
424 2 282 63 320 164 2.626000 -0.918000
425 1 113 118 255 206 1.221000 -0.700000
425 2 284 65 320 166 1.221000 -0.700000
426 1 112 117 254 205 0.151000 -0.452000
426 2 284 66 320 167 0.151000 -0.452000
427 1 111 116 253 204 -0.866000 -1.469000
427 2 284 66 320 167 -0.866000 -1.469000
428 1 105 111 255 203 -1.502000 -1.755000
428 2 283 66 320 167 -1.502000 -1.755000
429 1 106 112 249 200 -1.559000 -1.108000
429 2 281 66 320 167 -1.559000 -1.108000
430 1 103 110 246 198 -1.470000 -1.532000
430 2 279 67 320 168 -1.470000 -1.532000
431 1 98 106 247 198 -1.051000 -1.595000
431 2 279 64 320 165 -1.051000 -1.595000
432 1 95 104 245 196 -1.191000 -1.827000
432 2 278 66 320 167 -1.191000 -1.827000
433 1 93 103 243 195 -1.201000 -1.664000
433 2 277 67 320 168 -1.201000 -1.664000
434 1 92 102 242 194 -0.913000 -1.129000
434 2 277 67 320 168 -0.913000 -1.129000
435 1 90 101 240 193 -0.760000 -0.924000
435 2 277 67 320 168 -0.760000 -0.924000
436 1 89 100 239 192 -0.702000 -0.958000
436 2 278 61 320 162 -0.702000 -0.958000
437 1 89 99 239 191 -0.662000 -0.654000
437 2 277 61 320 162 -0.662000 -0.654000
438 1 89 100 238 192 -0.683000 0.043000
438 2 278 62 320 163 -0.683000 0.043000
439 1 87 99 237 191 -0.816000 1.388000
439 2 278 63 320 164 -0.816000 1.388000
440 1 90 103 215 192 0.316000 1.624000
440 2 279 68 320 164 0.316000 1.624000
441 1 90 103 214 192 0.680000 0.845000
441 2 279 70 320 166 0.680000 0.845000
442 1 93 106 211 191 1.082000 1.405000
442 2 281 71 320 167 1.082000 1.405000
443 1 94 107 212 192 1.781000 1.687000
443 2 282 72 320 168 1.781000 1.687000
444 1 94 108 213 193 2.152000 1.578000
444 2 285 73 320 169 2.152000 1.578000
445 1 99 111 211 204 2.682000 1.642000
445 2 294 76 320 172 2.682000 1.642000
446 1 101 113 213 206 2.983000 2.295000
446 2 299 72 320 172 2.983000 2.295000
447 1 103 115 216 208 3.032000 1.852000
447 2 302 68 320 164 3.032000 1.852000
448 1 106 116 218 209 3.442000 0.974000
448 2 308 82 320 156 3.442000 0.974000
449 1 108 116 221 209 3.125000 0.186000
449 2 311 92 320 122 3.125000 0.186000
450 1 110 117 223 210 2.734000 0.023000
451 1 110 116 228 214 2.714000 0.960000
452 1 111 118 229 216 1.965000 1.601000
453 1 112 120 230 218 0.900000 1.156000
454 1 112 121 230 218 0.764000 -0.363000
455 1 116 119 250 214 -0.433000 0.346000
456 1 115 119 249 214 -1.333000 0.361000
457 1 113 119 247 214 -1.414000 -1.351000
458 1 112 117 246 212 -1.447000 -1.525000
459 1 107 115 248 214 -1.149000 -1.361000
460 1 106 114 247 213 -1.002000 -1.682000
461 1 107 114 241 208 -1.027000 -1.951000
462 1 103 110 244 210 -0.946000 -2.187000
463 1 102 108 243 208 -0.766000 -2.401000
464 1 100 107 234 187 -0.621000 -1.746000
465 1 100 106 233 186 -0.600000 -0.822000
466 1 99 106 232 186 -0.079000 -0.991000
467 1 98 107 232 186 0.435000 -1.449000
468 1 98 107 232 187 0.723000 -0.333000
469 1 98 108 231 187 0.798000 -0.013000
470 1 98 110 232 189 0.983000 1.156000
471 1 102 114 229 189 1.420000 1.492000
472 1 102 117 229 192 1.478000 1.645000
473 1 106 122 227 194 1.723000 1.914000
474 1 109 126 230 198 2.148000 2.309000
475 1 110 128 231 200 2.552000 1.345000
476 1 115 122 234 210 2.003000 0.621000
477 1 116 124 235 212 2.561000 1.150000
478 1 118 125 237 214 2.576000 0.847000
479 1 122 128 236 212 2.649000 -0.518000
480 1 125 128 238 212 1.766000 0.111000
481 1 127 129 240 213 1.712000 0.446000
482 1 128 129 241 214 1.515000 0.805000
483 1 129 130 243 214 1.170000 0.825000
484 1 128 128 235 216 1.079000 0.813000
485 1 128 128 235 216 1.283000 -0.035000
486 1 128 128 235 217 0.873000 0.422000
487 1 129 128 236 216 0.741000 -0.417000
488 1 129 128 236 217 -0.519000 0.334000
489 1 128 128 235 217 -0.866000 -0.263000
490 1 126 128 233 216 -1.569000 -0.829000
491 1 122 125 234 218 -0.910000 -1.180000
492 1 122 127 228 216 -0.768000 -1.327000
493 1 126 124 227 213 -1.181000 -2.225000
494 1 123 122 225 211 -1.526000 -2.435000
495 1 120 121 222 209 -1.751000 -2.325000
496 1 117 119 218 208 -2.159000 -2.172000
497 1 113 118 214 206 -2.136000 -1.851000
498 1 111 116 213 204 -1.772000 -1.730000
499 1 108 116 210 204 -1.679000 -1.802000
500 1 106 116 207 204 -1.287000 -1.907000
501 1 104 111 206 214 -0.337000 -1.466000
502 1 103 111 205 214 1.107000 -2.165000
503 1 102 112 204 215 1.966000 -1.079000
504 1 101 114 204 217 4.569000 -2.293000
505 1 101 116 204 219 2.852000 -0.381000
506 1 102 116 215 218 3.513000 -1.654000
507 1 103 118 215 216 4.857000 -2.322000
508 1 104 120 218 220 4.178000 -1.374000
509 1 105 121 218 219 5.245000 -3.949000
510 1 106 119 222 215 7.882000 -7.273000
511 1 108 118 223 215 1.147000 -1.000000
512 1 108 118 223 214 2.220000 -0.663000
513 1 109 118 224 214 1.848000 -0.802000
514 1 112 120 222 212 1.453000 0.382000
515 1 113 121 222 213 1.264000 1.055000
516 1 113 122 222 213 0.742000 0.494000
517 1 112 122 222 213 0.608000 -1.293000
518 1 111 120 221 211 0.730000 0.147000
519 1 109 119 218 211 0.752000 0.891000
520 1 109 120 218 212 -0.170000 1.962000
521 1 108 122 218 213 0.922000 1.986000
522 1 106 123 216 214 1.876000 1.337000
523 1 102 120 216 216 1.515000 1.235000
524 1 100 118 215 214 0.815000 -1.396000
525 1 101 112 203 207 0.847000 -2.841000
526 1 101 110 202 205 0.141000 -2.232000
527 1 98 107 205 207 1.589000 -0.500000
528 1 98 107 205 206 0.711000 0.412000
529 1 98 106 205 206 0.600000 -1.240000
530 1 100 108 202 203 -0.774000 0.437000
531 1 100 108 202 203 -0.170000 1.187000
532 1 106 111 191 202 0.581000 1.000000
533 1 106 112 192 202 0.977000 1.068000
534 1 104 108 194 204 1.113000 0.284000
535 1 104 107 194 202 1.416000 -1.342000
536 1 105 106 195 201 1.545000 0.527000
537 1 108 106 198 202 2.202000 0.467000
538 1 109 104 198 199 0.429000 -2.370000
539 1 109 101 199 196 0.820000 -2.143000
540 1 108 99 202 199 5.756000 0.639000
541 1 105 96 204 201 2.567000 -0.549000
542 1 104 94 203 199 1.076000 -1.616000
543 1 104 92 195 189 -1.112000 -0.498000
544 1 101 89 197 190 -1.165000 1.163000
545 1 100 88 196 189 0.234000 1.491000
546 1 99 86 196 187 0.441000 0.785000
547 1 101 87 192 183 -0.868000 0.471000
548 1 98 84 194 184 -0.668000 -0.315000
549 1 98 83 194 184 -0.489000 0.516000
550 1 98 82 194 182 -3.096000 -0.652000
551 1 99 83 203 179 -4.645000 0.996000
552 1 99 83 203 178 -2.430000 2.361000
553 1 99 86 203 181 -1.818000 4.169000
554 1 100 87 203 182 -2.841000 5.002000
555 1 100 89 204 184 -3.942000 4.427000
556 1 102 89 206 185 -5.305000 5.234000
557 1 104 92 203 182 -5.028000 5.390000
558 1 105 91 204 182 -3.098000 4.876000
559 1 106 90 204 181 -2.422000 3.437000
560 1 105 91 204 182 -3.356000 4.592000
561 1 107 92 201 178 -3.979000 6.531000
562 1 106 89 200 175 -2.802000 3.789000
563 1 104 101 198 170 -2.896000 3.004000
564 1 99 98 193 167 -2.847000 2.887000
565 1 102 120 191 166 -3.024000 2.608000
571 1 100 75 187 154 -6.445000 3.602000
572 1 98 78 188 161 -7.698000 4.651000
573 1 104 77 195 160 -8.546000 5.465000
574 1 107 80 198 162 -8.755000 5.124000
575 1 113 83 204 165 -5.756000 7.293000
576 1 120 85 211 167 -3.243000 7.248000
577 1 124 83 220 170 0.907000 3.232000
578 1 128 82 224 168 1.893000 0.750000
579 1 134 75 229 161 0.060000 -1.207000
580 1 134 74 230 160 0.247000 -0.500000
581 1 137 72 232 158 0.444000 0.967000
582 1 139 71 234 158 0.649000 0.893000
583 1 139 68 239 159 -0.269000 2.842000
584 1 142 69 237 155 -0.761000 1.856000
585 1 144 66 239 152 -1.102000 0.083000
586 1 146 63 241 150 0.533000 -1.734000
587 1 147 57 242 144 2.462000 -2.311000
588 1 149 55 244 142 4.222000 -2.606000
589 1 152 51 252 142 5.921000 -2.479000
590 1 156 50 256 141 6.338000 -2.102000
591 1 160 54 260 145 5.743000 -2.052000
592 1 162 56 267 151 6.450000 -3.734000
593 1 165 60 270 156 5.681000 -5.661000
594 1 170 67 285 157 5.186000 -8.912000
595 1 176 70 290 160 5.753000 -12.676000
596 1 180 71 295 161 7.419000 -13.590000
597 1 184 72 298 161 10.913000 -13.269000
598 1 190 72 304 161 7.270000 -9.753000
599 1 191 71 311 165 5.433000 -9.544000
600 1 194 73 320 172 4.237000 -4.335000
601 1 196 79 320 165 2.184000 -0.760000
602 1 193 79 320 165 -4.271000 0.684000
603 1 185 78 311 164 -6.488000 -0.783000
604 1 180 80 307 165 -3.444000 3.367000
605 1 178 82 304 168 -2.962000 2.668000
606 1 176 84 303 170 -0.835000 0.979000
607 1 178 84 304 169 2.055000 0.657000
608 1 178 82 305 168 0.206000 -0.890000
609 1 178 82 305 168 -0.818000 -2.092000
610 1 180 81 306 166 0.982000 -1.911000
611 1 179 81 306 167 -1.766000 -1.252000
612 1 179 81 306 167 -1.963000 -1.051000
613 1 178 81 305 167 0.600000 1.032000
614 1 179 82 305 167 -1.860000 0.787000
615 1 179 83 306 168 1.184000 1.040000
616 1 184 87 304 169 2.862000 2.352000
617 1 189 81 300 161 5.029000 0.611000
618 1 195 84 306 166 5.439000 1.961000
619 1 199 83 315 170 5.805000 2.109000
620 1 203 82 319 168 5.098000 1.578000
621 1 211 82 320 169 5.349000 0.068000
622 1 216 81 320 168 5.527000 0.524000
623 1 219 82 320 172 4.790000 1.458000
624 1 223 83 320 174 4.117000 0.658000
625 1 223 79 320 174 2.557000 -0.965000
626 1 226 76 320 171 3.260000 -1.784000
627 1 231 74 320 165 2.802000 -2.629000
628 1 234 72 320 162 1.310000 -4.665000
629 1 234 65 320 156 0.817000 -5.058000
630 1 236 57 320 148 2.216000 -5.428000
631 1 237 49 320 139 1.065000 -5.938000
632 1 234 40 320 135 -2.784000 -8.070000
633 1 226 29 320 129 -4.472000 -7.426000
634 1 226 14 320 113 -0.094000 -9.804000
635 1 223 0 320 99 -1.138000 -8.929000
636 1 224 0 320 92 -0.118000 -3.459000
637 1 224 0 320 85 3.134000 -3.803000
638 1 226 0 320 80 4.520000 -0.819000
639 1 227 0 320 78 5.068000 -2.052000
640 1 229 0 320 76 5.582000 -3.387000
641 1 228 0 320 75 7.742000 -3.736000
642 1 230 0 320 77 6.289000 -3.034000
643 1 230 0 320 79 6.598000 -0.834000
644 1 226 0 320 82 8.926000 1.770000
645 1 225 0 320 89 6.276000 2.194000
646 1 223 0 320 93 4.820000 2.163000
647 1 218 0 320 92 -1.474000 3.716000
648 1 220 0 320 85 4.349000 -1.140000
649 1 218 0 320 79 -4.227000 -4.605000
650 1 214 0 320 77 -1.700000 -2.346000
651 1 222 0 320 80 10.379000 3.362000
652 1 231 0 320 84 11.708000 7.036000
653 1 237 0 320 88 5.684000 -1.527000
654 1 244 0 320 89 5.219000 1.028000
655 1 246 0 320 90 -4.153000 0.153000
656 1 248 0 320 96 4.092000 4.493000
657 1 250 0 320 100 4.240000 5.065000
658 1 250 0 320 99 1.406000 3.312000
659 1 255 14 320 94 0.452000 3.409000
660 1 252 20 320 100 -4.708000 4.832000
