5 1 0 0 39 41 9.240000 20.653000
6 1 0 0 53 81 3.482000 20.854000
7 1 0 0 58 132 4.376000 17.615000
8 1 0 0 58 149 1.727000 16.528999
9 1 0 9 58 162 -0.364000 14.360000
10 1 0 16 57 165 -3.366000 11.141000
11 1 0 19 58 169 1.433000 9.339000
12 1 0 33 64 182 8.608000 5.475000
13 1 0 47 75 194 10.636000 5.907000
14 1 0 48 76 199 3.325000 5.375000
15 1 0 51 82 201 8.276000 3.394000
16 1 0 49 79 197 -4.203000 5.306000
17 1 0 39 85 189 8.819000 -2.788000
18 1 0 22 112 240 3.731000 -2.682000
19 1 50 14 163 234 -0.790000 -0.178000
20 1 116 11 223 212 -2.184000 -3.287000
20 2 0 69 98 240 -2.184000 -3.287000
21 1 161 0 282 208 -0.757000 -0.967000
21 2 0 39 146 240 -0.757000 -0.967000
22 1 182 0 303 209 12.721000 -0.104000
22 2 0 38 171 240 12.721000 -0.104000
23 1 199 0 320 213 12.983000 0.884000
23 2 11 64 193 240 12.983000 0.884000
24 1 212 0 320 211 9.565000 -0.941000
24 2 25 59 208 240 9.565000 -0.941000
25 1 227 0 320 213 7.203000 -4.262000
25 2 39 50 222 240 7.203000 -4.262000
26 1 233 0 320 204 6.095000 -8.629000
26 2 0 38 235 240 6.095000 -8.629000
27 1 233 0 320 205 11.258000 -11.480000
27 2 0 27 253 240 11.258000 -11.480000
28 1 240 0 320 194 9.886000 -9.014000
28 2 0 24 265 240 9.886000 -9.014000
29 1 249 0 320 177 9.427000 -6.931000
29 2 0 25 275 240 9.427000 -6.931000
30 1 254 1 320 112 14.594000 -2.260000
30 2 0 18 293 240 14.594000 -2.260000
31 1 255 0 320 110 6.131000 3.434000
31 2 0 22 297 240 6.131000 3.434000
32 1 262 3 320 112 12.904000 2.429000
32 2 2 22 304 240 12.904000 2.429000
33 1 262 3 320 112 2.419000 -0.703000
33 2 4 24 307 240 2.419000 -0.703000
34 1 266 3 320 112 5.909000 0.222000
34 2 6 25 309 240 5.909000 0.222000
35 1 270 12 320 115 4.479000 3.588000
35 2 9 29 311 240 4.479000 3.588000
36 1 277 19 320 122 5.721000 5.005000
36 2 14 35 316 240 5.721000 5.005000
37 1 280 27 320 130 1.256000 5.178000
37 2 15 39 317 240 1.256000 5.178000
38 1 279 34 320 143 1.615000 4.627000
38 2 16 46 318 240 1.615000 4.627000
39 1 277 71 320 146 -0.920000 4.003000
39 2 16 46 319 240 -0.920000 4.003000
40 1 280 82 320 156 2.507000 2.568000
40 2 17 45 319 240 2.507000 2.568000
41 1 282 94 320 169 1.801000 1.924000
41 2 20 46 320 240 1.801000 1.924000
42 1 284 106 320 181 -1.078000 0.163000
42 2 20 50 320 240 -1.078000 0.163000
43 1 284 115 320 190 -2.918000 0.292000
43 2 18 48 320 240 -2.918000 0.292000
44 1 280 100 320 192 -12.602000 -3.425000
44 2 13 45 315 240 -12.602000 -3.425000
45 1 278 92 320 192 -13.307000 -4.700000
45 2 2 42 304 240 -13.307000 -4.700000
46 1 264 0 320 189 -16.775000 -5.646000
46 2 0 36 288 240 -16.775000 -5.646000
47 1 254 0 320 191 -10.911000 -3.486000
47 2 0 27 274 240 -10.911000 -3.486000
48 1 241 0 320 192 -14.060000 -2.679000
48 2 0 23 264 240 -14.060000 -2.679000
49 1 235 0 320 191 -7.635000 -0.420000
49 2 0 23 256 240 -7.635000 -0.420000
50 1 231 0 320 190 -3.441000 0.702000
50 2 0 20 250 240 -3.441000 0.702000
51 1 230 0 320 189 2.329000 -1.127000
51 2 0 19 250 240 2.329000 -1.127000
52 1 231 0 320 188 1.566000 -1.216000
52 2 0 15 253 240 1.566000 -1.216000
53 1 232 0 320 190 2.133000 1.344000
53 2 0 26 250 240 2.133000 1.344000
54 1 234 4 320 196 -2.330000 2.443000
54 2 0 30 250 240 -2.330000 2.443000
55 1 232 0 320 194 -3.128000 3.252000
55 2 0 32 254 240 -3.128000 3.252000
56 1 228 0 320 194 -5.062000 1.721000
56 2 0 35 239 240 -5.062000 1.721000
57 1 226 0 320 194 -3.169000 2.794000
57 2 0 34 239 240 -3.169000 2.794000
58 1 221 0 320 193 -4.422000 0.851000
58 2 0 41 230 240 -4.422000 0.851000
59 1 215 0 320 189 -6.690000 -1.128000
59 2 0 43 218 240 -6.690000 -1.128000
60 1 219 0 320 173 -7.801000 -4.847000
60 2 0 36 206 240 -7.801000 -4.847000
61 1 202 0 320 159 -14.037000 -8.513000
61 2 0 17 192 240 -14.037000 -8.513000
62 1 183 0 302 166 -13.523000 -6.985000
62 2 0 19 176 240 -13.523000 -6.985000
63 1 149 0 253 165 0.654000 0.531000
63 2 0 0 142 240 0.654000 0.531000
64 1 121 0 225 165 2.419000 2.034000
64 2 0 0 117 240 2.419000 2.034000
65 1 85 0 195 172 4.162000 3.132000
66 1 56 0 184 166 -1.045000 5.970000
67 1 32 0 175 159 -1.623000 3.227000
68 1 9 0 167 148 -0.970000 -2.018000
69 1 0 0 162 151 -4.334000 2.145000
70 1 0 0 152 151 -5.240000 2.622000
71 1 0 1 143 156 -4.326000 4.299000
72 1 0 0 133 121 -4.612000 3.872000
73 1 0 0 128 101 -4.381000 3.454000
74 1 0 0 126 89 -3.364000 3.427000
75 1 0 0 122 91 -2.414000 2.245000
76 1 0 0 115 87 -5.305000 1.703000
77 1 0 0 108 95 -4.832000 1.016000
78 1 0 0 108 86 -1.828000 -0.538000
79 1 0 0 104 81 -0.919000 0.539000
80 1 0 0 103 82 -0.429000 1.720000
81 1 0 0 102 91 0.568000 1.477000
82 1 0 0 102 91 1.043000 1.584000
83 1 0 0 106 94 1.250000 0.895000
84 1 0 0 109 98 1.929000 1.139000
85 1 0 0 113 102 2.286000 1.351000
86 1 0 0 118 106 2.212000 2.231000
87 1 0 0 120 111 1.423000 3.253000
88 1 0 0 118 121 1.832000 5.194000
89 1 0 0 117 130 -0.648000 6.534000
90 1 1 0 117 135 -1.392000 7.390000
91 1 0 0 115 138 -2.268000 6.355000
92 1 0 12 113 152 -1.234000 5.829000
93 1 0 20 111 160 -1.911000 6.290000
94 1 0 26 110 165 -1.772000 3.505000
95 1 0 31 110 161 -1.105000 1.729000
96 1 0 30 112 160 1.289000 1.702000
97 1 0 32 118 152 1.760000 1.311000
98 1 0 34 120 154 1.436000 1.416000
99 1 0 31 124 157 3.058000 0.891000
100 1 0 34 131 160 2.266000 0.656000
101 1 0 43 137 159 3.148000 0.944000
102 1 0 45 142 155 4.385000 1.393000
103 1 0 46 150 162 6.422000 1.741000
104 1 0 50 158 165 6.645000 1.057000
105 1 0 52 169 168 6.846000 1.133000
106 1 0 57 176 181 7.686000 0.761000
107 1 9 58 186 193 7.242000 0.637000
108 1 26 57 195 202 6.106000 -0.487000
109 1 33 55 202 210 5.507000 -1.671000
110 1 52 51 210 216 5.094000 -2.068000
111 1 61 48 217 213 4.880000 -2.648000
112 1 71 45 226 210 6.146000 -2.604000
113 1 86 33 234 205 5.819000 -2.900000
114 1 98 25 259 190 5.212000 -2.498000
114 2 0 132 19 212 5.212000 -2.498000
115 1 109 14 265 173 4.645000 -2.823000
115 2 0 124 36 210 4.645000 -2.823000
116 1 116 8 282 181 5.447000 -2.279000
116 2 0 124 48 237 5.447000 -2.279000
117 1 121 1 298 180 6.935000 -1.733000
117 2 0 124 60 240 6.935000 -1.733000
118 1 141 0 312 186 7.182000 -0.767000
118 2 0 130 71 240 7.182000 -0.767000
119 1 150 0 320 195 6.544000 -0.640000
119 2 0 128 82 240 6.544000 -0.640000
120 1 0 127 90 240 5.592000 -1.033000
120 2 161 0 320 206 5.592000 -1.033000
121 1 2 127 98 240 3.614000 -0.802000
121 2 169 0 320 208 3.614000 -0.802000
122 1 7 127 104 240 3.697000 -1.285000
122 2 175 0 320 209 3.697000 -1.285000
123 1 11 126 108 240 2.928000 -1.180000
123 2 179 0 320 206 2.928000 -1.180000
124 1 15 127 112 240 2.450000 -1.304000
124 2 179 0 320 204 2.450000 -1.304000
125 1 17 126 114 240 2.060000 -0.557000
125 2 180 0 320 202 2.060000 -0.557000
126 1 19 126 116 239 1.737000 -0.616000
126 2 185 0 320 202 1.737000 -0.616000
127 1 20 125 117 238 1.890000 0.126000
127 2 184 0 320 202 1.890000 0.126000
128 1 17 122 119 240 0.120000 0.241000
128 2 183 0 320 180 0.120000 0.241000
129 1 17 122 118 240 0.166000 -0.482000
129 2 182 0 320 172 0.166000 -0.482000
130 1 16 121 118 240 -1.824000 -0.605000
130 2 180 0 320 158 -1.824000 -0.605000
131 1 14 119 115 238 -2.234000 -0.838000
131 2 179 0 320 149 -2.234000 -0.838000
132 1 10 117 111 236 -2.585000 -1.088000
132 2 177 0 320 149 -2.585000 -1.088000
133 1 6 115 107 234 -2.924000 -0.871000
133 2 173 0 320 160 -2.924000 -0.871000
134 1 0 113 102 232 -3.621000 -0.585000
134 2 168 0 320 172 -3.621000 -0.585000
135 1 0 113 97 232 -3.852000 0.825000
135 2 164 0 320 177 -3.852000 0.825000
136 1 0 113 92 240 -3.836000 1.130000
136 2 160 0 319 182 -3.836000 1.130000
137 1 0 112 86 239 -3.417000 1.059000
137 2 151 0 320 176 -3.417000 1.059000
138 1 0 111 80 238 -5.139000 0.054000
138 2 145 0 317 177 -5.139000 0.054000
139 1 0 111 70 232 -6.380000 -1.094000
139 2 146 0 308 163 -6.380000 -1.094000
140 1 0 103 59 224 -6.294000 -2.486000
140 2 136 0 299 153 -6.294000 -2.486000
141 1 0 100 46 220 -7.225000 -1.943000
141 2 128 0 288 142 -7.225000 -1.943000
142 1 116 0 277 128 -5.453000 -1.053000
142 2 0 97 37 177 -5.453000 -1.053000
143 1 0 89 20 169 -5.122000 -0.946000
143 2 97 0 260 136 -5.122000 -0.946000
144 1 90 0 255 139 -2.851000 -0.915000
145 1 73 0 235 135 -3.155000 -0.924000
146 1 73 0 228 153 -4.619000 -1.993000
147 1 60 0 224 149 -4.270000 -2.430000
148 1 58 0 206 151 -1.512000 -4.371000
149 1 61 0 188 147 4.359000 -6.063000
150 1 65 0 183 151 8.162000 -4.248000
151 1 80 0 190 153 10.680000 -4.521000
152 1 95 0 198 157 11.533000 -6.107000
152 2 0 176 71 240 11.533000 -6.107000
153 1 109 0 204 148 13.240000 -5.744000
153 2 32 191 95 240 13.240000 -5.744000
154 1 124 0 218 135 14.028000 -6.993000
154 2 61 185 119 240 14.028000 -6.993000
155 1 85 173 140 240 11.397000 -6.921000
155 2 142 0 206 115 11.397000 -6.921000
155 3 0 22 80 240 11.397000 -6.921000
156 1 104 163 162 240 9.613000 -4.360000
156 2 156 0 219 108 9.613000 -4.360000
156 3 0 8 103 238 9.613000 -4.360000
157 1 123 152 179 240 4.101000 0.157000
157 2 176 0 224 89 4.101000 0.157000
157 3 0 0 128 240 4.101000 0.157000
158 1 141 144 199 240 5.701000 -0.569000
158 2 199 0 245 76 5.701000 -0.569000
158 3 0 0 146 240 5.701000 -0.569000
159 1 159 142 217 240 9.691000 0.330000
159 2 220 0 264 68 9.691000 0.330000
159 3 0 0 160 238 9.691000 0.330000
160 1 177 146 235 238 8.130000 2.145000
160 2 227 0 288 67 8.130000 2.145000
160 3 0 13 178 240 8.130000 2.145000
161 1 195 152 253 240 6.332000 -0.737000
161 2 249 0 311 61 6.332000 -0.737000
161 3 9 19 194 240 6.332000 -0.737000
162 1 211 159 270 240 6.241000 1.756000
162 2 270 0 320 61 6.241000 1.756000
162 3 0 25 209 240 6.241000 1.756000
163 1 226 165 284 240 8.583000 2.994000
163 2 284 0 308 60 8.583000 2.994000
163 3 0 29 221 240 8.583000 2.994000
164 1 235 172 293 240 5.866000 2.131000
164 2 290 0 320 57 5.866000 2.131000
164 3 0 33 226 240 5.866000 2.131000
165 1 240 173 298 240 2.907000 -0.967000
165 2 299 0 320 53 2.907000 -0.967000
165 3 0 32 230 240 2.907000 -0.967000
166 1 244 173 302 240 3.108000 -1.846000
166 2 301 0 320 53 3.108000 -1.846000
166 3 1 31 232 240 3.108000 -1.846000
167 1 245 172 306 240 2.248000 -0.660000
167 2 303 0 320 54 2.248000 -0.660000
167 3 5 29 236 240 2.248000 -0.660000
168 1 246 170 307 240 1.295000 -1.339000
168 2 303 0 320 57 1.295000 -1.339000
168 3 0 26 244 240 1.295000 -1.339000
169 1 247 170 308 240 2.447000 -0.803000
169 2 310 8 320 44 2.447000 -0.803000
169 3 0 26 245 240 2.447000 -0.803000
170 1 245 172 306 240 -0.808000 0.669000
170 2 314 14 320 41 -0.808000 0.669000
170 3 0 25 245 240 -0.808000 0.669000
171 1 242 172 304 240 -1.026000 0.468000
171 2 310 0 320 46 -1.026000 0.468000
171 3 0 27 245 240 -1.026000 0.468000
172 1 240 174 301 240 -1.293000 0.896000
172 2 298 0 320 27 -1.293000 0.896000
172 3 0 27 246 240 -1.293000 0.896000
173 1 238 173 299 240 0.280000 0.245000
173 2 294 0 320 29 0.280000 0.245000
173 3 0 30 245 240 0.280000 0.245000
174 1 234 173 296 240 -1.006000 -0.246000
174 2 286 0 320 32 -1.006000 -0.246000
174 3 0 29 245 240 -1.006000 -0.246000
175 1 233 173 294 240 0.682000 -0.136000
175 2 282 0 316 33 0.682000 -0.136000
175 3 0 22 251 240 0.682000 -0.136000
176 1 232 174 293 240 -0.601000 0.786000
176 2 279 0 314 38 -0.601000 0.786000
176 3 0 24 249 240 -0.601000 0.786000
177 1 231 173 292 240 0.371000 -0.774000
177 2 276 0 311 41 0.371000 -0.774000
177 3 0 25 249 240 0.371000 -0.774000
178 1 230 172 291 240 0.222000 -1.841000
178 2 274 0 309 44 0.222000 -1.841000
178 3 0 20 249 240 0.222000 -1.841000
179 1 227 170 288 240 -1.119000 -2.527000
179 2 272 0 306 42 -1.119000 -2.527000
179 3 0 19 249 240 -1.119000 -2.527000
180 1 225 167 286 240 -0.672000 -3.499000
180 2 269 0 303 40 -0.672000 -3.499000
180 3 0 16 247 240 -0.672000 -3.499000
181 1 225 163 286 240 -1.202000 -4.237000
181 2 268 0 302 33 -1.202000 -4.237000
181 3 0 31 247 240 -1.202000 -4.237000
182 1 224 161 286 240 -0.924000 -3.712000
182 2 269 0 304 31 -0.924000 -3.712000
182 3 0 28 246 240 -0.924000 -3.712000
183 1 224 159 285 240 -3.001000 -2.107000
183 2 271 0 306 27 -3.001000 -2.107000
183 3 0 27 242 240 -3.001000 -2.107000
184 1 224 158 285 240 -3.841000 0.644000
184 2 275 0 309 27 -3.841000 0.644000
184 3 0 28 241 240 -3.841000 0.644000
185 1 226 159 287 240 -2.577000 1.842000
185 2 279 0 320 24 -2.577000 1.842000
185 3 0 34 233 240 -2.577000 1.842000
186 1 228 160 290 240 -3.015000 1.712000
186 2 286 0 320 25 -3.015000 1.712000
186 3 0 36 231 240 -3.015000 1.712000
187 1 226 164 287 240 -3.917000 2.550000
187 2 292 0 320 46 -3.917000 2.550000
187 3 0 38 228 240 -3.917000 2.550000
188 1 221 169 282 240 -4.862000 3.004000
188 2 294 0 320 52 -4.862000 3.004000
188 3 0 41 224 240 -4.862000 3.004000
189 1 217 179 275 240 -3.247000 5.215000
189 2 276 1 320 62 -3.247000 5.215000
189 3 0 46 220 240 -3.247000 5.215000
190 1 214 188 272 240 -0.178000 5.977000
190 2 271 6 319 70 -0.178000 5.977000
190 3 0 51 218 240 -0.178000 5.977000
191 1 212 193 270 240 -0.312000 3.389000
191 2 270 0 319 78 -0.312000 3.389000
191 3 0 50 222 240 -0.312000 3.389000
192 1 209 195 270 240 0.482000 2.038000
192 2 268 1 319 85 0.482000 2.038000
192 3 0 54 222 240 0.482000 2.038000
193 1 208 196 269 240 -0.531000 1.150000
193 2 271 0 320 79 -0.531000 1.150000
193 3 0 54 222 240 -0.531000 1.150000
194 1 210 194 271 240 3.213000 3.040000
194 2 270 0 320 81 3.213000 3.040000
194 3 0 54 223 240 3.213000 3.040000
195 1 210 195 272 240 1.426000 3.734000
195 2 270 1 320 86 1.426000 3.734000
195 3 0 54 224 240 1.426000 3.734000
196 1 211 195 272 240 -0.642000 1.750000
196 2 271 6 320 90 -0.642000 1.750000
196 3 0 60 217 240 -0.642000 1.750000
197 1 212 194 273 240 0.744000 2.010000
197 2 268 0 320 76 0.744000 2.010000
197 3 0 61 217 240 0.744000 2.010000
198 1 212 193 273 240 -0.040000 -0.702000
198 2 270 0 320 79 -0.040000 -0.702000
198 3 0 60 215 240 -0.040000 -0.702000
199 1 211 191 272 240 -0.288000 -1.032000
199 2 260 0 320 82 -0.288000 -1.032000
199 3 0 58 215 240 -0.288000 -1.032000
200 1 210 188 271 240 -0.011000 -0.330000
200 2 260 0 320 76 -0.011000 -0.330000
200 3 0 50 221 240 -0.011000 -0.330000
201 1 209 185 270 240 0.488000 -0.970000
201 2 260 0 320 78 0.488000 -0.970000
201 3 0 46 222 240 0.488000 -0.970000
202 1 261 0 320 69 -0.939000 -2.384000
202 2 210 181 266 240 -0.939000 -2.384000
202 3 0 44 221 240 -0.939000 -2.384000
203 1 259 0 320 69 -1.052000 -1.852000
203 2 210 180 266 240 -1.052000 -1.852000
203 3 0 41 222 240 -1.052000 -1.852000
204 1 255 0 293 47 -0.270000 -1.227000
204 2 210 179 266 240 -0.270000 -1.227000
204 3 0 39 221 240 -0.270000 -1.227000
205 1 253 0 285 40 -1.448000 0.409000
205 2 209 180 265 240 -1.448000 0.409000
205 3 0 38 221 240 -1.448000 0.409000
206 1 247 0 283 40 -1.713000 0.955000
206 2 208 180 264 240 -1.713000 0.955000
206 3 0 40 222 240 -1.713000 0.955000
207 1 246 0 320 42 -1.373000 1.567000
207 2 207 181 263 240 -1.373000 1.567000
207 3 0 41 222 240 -1.373000 1.567000
208 1 244 0 320 40 -1.519000 1.441000
208 2 206 181 261 240 -1.519000 1.441000
208 3 0 42 222 240 -1.519000 1.441000
209 1 240 0 320 45 -1.428000 0.783000
209 2 204 181 259 240 -1.428000 0.783000
209 3 0 43 222 240 -1.428000 0.783000
210 1 238 0 320 49 -1.450000 -0.050000
210 2 202 180 258 240 -1.450000 -0.050000
210 3 0 44 222 240 -1.450000 -0.050000
211 1 236 0 320 46 -1.125000 -0.384000
211 2 200 179 256 240 -1.125000 -0.384000
211 3 0 44 221 240 -1.125000 -0.384000
212 1 236 0 320 47 -0.937000 0.242000
212 2 199 179 254 239 -0.937000 0.242000
212 3 0 45 221 240 -0.937000 0.242000
213 1 229 0 320 74 -1.309000 -0.078000
213 2 197 177 252 238 -1.309000 -0.078000
213 3 0 45 221 240 -1.309000 -0.078000
214 1 230 0 320 74 -0.829000 -0.975000
214 2 195 175 251 236 -0.829000 -0.975000
214 3 0 44 220 240 -0.829000 -0.975000
215 1 235 0 320 53 0.229000 -1.562000
215 2 195 173 250 234 0.229000 -1.562000
215 3 0 44 220 240 0.229000 -1.562000
216 1 236 0 320 53 0.291000 -1.254000
216 2 194 170 250 231 0.291000 -1.254000
216 3 0 42 220 240 0.291000 -1.254000
217 1 237 0 320 46 0.742000 -0.890000
217 2 194 168 249 229 0.742000 -0.890000
217 3 0 41 221 240 0.742000 -0.890000
218 1 237 0 320 44 0.837000 -0.571000
218 2 190 170 246 230 0.837000 -0.571000
218 3 0 40 221 240 0.837000 -0.571000
219 1 237 0 320 45 1.038000 -0.722000
219 2 185 171 244 235 1.038000 -0.722000
219 3 0 40 221 240 1.038000 -0.722000
220 1 244 0 320 46 1.411000 -1.007000
220 2 182 172 243 239 1.411000 -1.007000
220 3 0 39 221 240 1.411000 -1.007000
221 1 243 0 320 45 0.228000 -0.386000
221 2 181 171 245 240 0.228000 -0.386000
221 3 0 37 221 240 0.228000 -0.386000
222 1 241 0 320 46 0.239000 0.297000
222 2 181 172 245 240 0.239000 0.297000
222 3 0 39 220 240 0.239000 0.297000
223 1 239 0 320 45 -1.682000 1.206000
223 2 181 173 245 240 -1.682000 1.206000
223 3 0 40 220 240 -1.682000 1.206000
224 1 234 0 320 47 -2.096000 1.037000
224 2 182 175 244 240 -2.096000 1.037000
224 3 0 41 218 240 -2.096000 1.037000
225 1 228 0 320 48 -2.269000 1.078000
225 2 180 178 242 240 -2.269000 1.078000
225 3 0 41 216 240 -2.269000 1.078000
226 1 224 0 320 49 -2.329000 0.671000
226 2 179 178 241 240 -2.329000 0.671000
226 3 0 42 215 240 -2.329000 0.671000
227 1 242 0 292 51 -3.228000 -0.323000
227 2 179 180 240 240 -3.228000 -0.323000
227 3 0 43 214 240 -3.228000 -0.323000
228 1 236 0 292 50 -2.287000 0.929000
228 2 182 184 240 240 -2.287000 0.929000
228 3 0 43 212 240 -2.287000 0.929000
229 1 237 0 294 52 -1.383000 0.767000
229 2 183 186 245 240 -1.383000 0.767000
229 3 0 44 210 240 -1.383000 0.767000
230 1 241 0 297 53 -0.187000 0.332000
230 2 185 187 246 240 -0.187000 0.332000
230 3 0 45 208 240 -0.187000 0.332000
231 1 248 0 305 50 -2.614000 -0.485000
231 2 185 188 246 240 -2.614000 -0.485000
231 3 0 45 205 240 -2.614000 -0.485000
232 1 235 0 294 50 -1.541000 -1.362000
232 2 189 187 248 240 -1.541000 -1.362000
232 3 0 45 204 240 -1.541000 -1.362000
233 1 238 0 297 51 -1.708000 -1.331000
233 2 190 186 249 240 -1.708000 -1.331000
233 3 0 45 200 240 -1.708000 -1.331000
234 1 233 0 293 47 0.955000 -1.111000
234 2 192 185 251 240 0.955000 -1.111000
234 3 0 43 199 240 0.955000 -1.111000
235 1 230 0 299 46 -0.969000 -0.819000
235 2 195 184 253 240 -0.969000 -0.819000
235 3 0 43 199 240 -0.969000 -0.819000
236 1 283 0 304 35 -0.664000 -0.641000
236 2 198 183 256 240 -0.664000 -0.641000
236 3 0 45 196 240 -0.664000 -0.641000
237 1 244 0 313 46 0.413000 -1.876000
237 2 200 180 258 240 0.413000 -1.876000
237 3 0 45 197 240 0.413000 -1.876000
238 1 259 0 320 46 0.051000 -1.902000
238 2 202 178 261 240 0.051000 -1.902000
238 3 0 49 190 240 0.051000 -1.902000
239 1 203 175 264 240 1.271000 -0.725000
239 2 0 49 191 240 1.271000 -0.725000
240 1 204 174 265 240 1.708000 0.752000
240 2 0 52 190 240 1.708000 0.752000
241 1 205 172 266 238 1.503000 1.689000
241 2 0 51 190 240 1.503000 1.689000
242 1 205 171 266 237 1.384000 3.335000
242 2 0 52 190 240 1.384000 3.335000
243 1 205 170 266 236 1.408000 2.756000
243 2 0 60 184 240 1.408000 2.756000
244 1 204 168 265 235 0.145000 1.875000
244 2 0 61 184 240 0.145000 1.875000
245 1 202 168 263 234 -0.837000 2.067000
245 2 0 62 183 240 -0.837000 2.067000
246 1 200 166 261 233 -1.292000 1.871000
246 2 0 65 182 240 -1.292000 1.871000
247 1 200 167 258 231 -0.904000 2.137000
247 2 0 67 182 240 -0.904000 2.137000
248 1 198 166 256 240 -1.100000 2.053000
248 2 0 65 188 240 -1.100000 2.053000
249 1 196 164 255 240 -0.438000 0.264000
249 2 0 66 187 240 -0.438000 0.264000
250 1 193 162 251 240 -1.969000 -0.657000
250 2 0 66 187 240 -1.969000 -0.657000
251 1 191 158 249 240 -1.120000 -0.349000
251 2 0 67 188 240 -1.120000 -0.349000
252 1 189 156 247 240 -0.260000 -0.255000
252 2 0 70 188 240 -0.260000 -0.255000
253 1 186 153 245 238 -0.547000 -0.846000
253 2 0 67 189 240 -0.547000 -0.846000
254 1 183 150 242 240 -2.124000 -1.532000
254 2 0 67 189 240 -2.124000 -1.532000
255 1 180 146 239 240 -1.265000 -1.514000
255 2 0 64 189 240 -1.265000 -1.514000
256 1 178 144 236 240 -0.988000 -1.478000
256 2 0 62 189 240 -0.988000 -1.478000
257 1 176 141 235 240 -0.496000 -1.405000
257 2 0 60 190 240 -0.496000 -1.405000
258 1 176 138 234 238 -0.148000 -1.925000
258 2 0 61 189 240 -0.148000 -1.925000
259 1 176 136 235 236 0.403000 -1.351000
259 2 0 62 189 240 0.403000 -1.351000
260 1 179 135 237 240 1.583000 -0.656000
260 2 0 61 189 240 1.583000 -0.656000
261 1 181 133 240 240 1.514000 -1.384000
261 2 0 62 190 240 1.514000 -1.384000
262 1 185 132 244 240 1.967000 -1.323000
262 2 0 64 191 240 1.967000 -1.323000
263 1 187 128 248 240 1.740000 -1.379000
263 2 0 62 192 240 1.740000 -1.379000
264 1 190 127 251 240 0.233000 -0.109000
264 2 0 61 191 240 0.233000 -0.109000
265 1 193 129 255 240 2.104000 1.058000
265 2 0 61 192 240 2.104000 1.058000
266 1 197 130 259 240 0.743000 0.724000
266 2 0 61 192 240 0.743000 0.724000
267 1 199 128 260 240 0.706000 1.589000
267 2 0 61 191 240 0.706000 1.589000
268 1 201 130 263 240 1.403000 2.275000
268 2 0 62 191 240 1.403000 2.275000
269 1 204 131 265 240 0.535000 0.951000
269 2 0 63 191 240 0.535000 0.951000
270 1 206 130 268 240 -0.093000 -1.263000
270 2 0 64 190 240 -0.093000 -1.263000
271 1 206 128 267 240 -1.383000 -2.630000
271 2 0 61 190 240 -1.383000 -2.630000
272 1 204 120 278 240 -0.901000 -3.856000
272 2 0 58 189 240 -0.901000 -3.856000
273 1 201 115 276 238 -4.174000 -4.115000
273 2 0 35 199 240 -4.174000 -4.115000
274 1 192 111 269 237 -7.489000 -4.943000
274 2 0 28 194 240 -7.489000 -4.943000
275 1 181 107 258 232 -11.950000 -5.302000
275 2 0 25 184 240 -11.950000 -5.302000
276 1 164 101 241 227 -18.875000 -6.501000
276 2 0 22 170 240 -18.875000 -6.501000
277 1 154 102 213 202 -22.891001 -5.594000
277 2 0 0 142 240 -22.891001 -5.594000
278 1 130 100 189 200 -27.684000 -4.439000
278 2 0 0 113 240 -27.684000 -4.439000
279 1 104 100 162 200 -18.021999 -1.990000
280 1 70 100 132 190 -25.445999 -3.522000
281 1 37 100 102 195 -22.113001 2.572000
282 1 0 115 68 209 -14.619000 3.731000
283 1 0 114 44 208 -11.274000 3.538000
284 1 0 114 44 208 -8.790000 4.000000
334 1 0 0 44 64 3.337000 5.772000
335 1 0 1 50 70 4.807000 5.131000
336 1 0 1 54 78 4.351000 3.081000
337 1 0 0 60 86 4.918000 2.665000
338 1 0 0 64 87 4.899000 2.362000
339 1 0 0 72 93 4.636000 1.941000
340 1 0 0 74 95 3.254000 2.044000
341 1 0 0 74 94 2.722000 1.851000
342 1 0 0 78 101 3.126000 2.352000
343 1 0 0 80 108 2.585000 1.842000
344 1 0 5 81 114 2.397000 1.902000
345 1 0 5 86 120 3.402000 0.680000
346 1 0 6 90 121 4.941000 -1.082000
347 1 0 2 92 117 3.321000 -0.835000
348 1 0 2 92 124 2.415000 -1.079000
349 1 0 0 92 125 1.595000 -0.979000
350 1 0 0 92 132 1.549000 -0.919000
351 1 0 0 92 140 1.458000 -0.854000
352 1 0 0 91 145 0.613000 -0.564000
353 1 0 0 91 145 0.515000 0.847000
354 1 0 0 91 148 1.473000 0.874000
355 1 0 0 92 148 1.526000 1.165000
356 1 0 0 92 141 2.015000 0.367000
357 1 0 0 93 130 2.573000 -0.893000
358 1 0 0 95 127 1.524000 -0.622000
359 1 0 0 98 124 1.680000 0.086000
360 1 0 0 99 125 2.723000 -0.348000
361 1 0 0 100 125 2.412000 0.177000
362 1 0 0 101 127 2.778000 -0.722000
363 1 0 0 104 131 3.163000 -0.952000
364 1 0 0 106 132 3.600000 -0.567000
365 1 0 0 113 139 4.926000 -1.018000
366 1 0 0 115 136 3.122000 -1.386000
367 1 0 0 119 131 3.842000 -2.591000
368 1 0 0 122 134 3.315000 -1.246000
369 1 0 0 127 122 5.736000 -1.466000
370 1 0 0 130 124 5.001000 -1.172000
371 1 0 0 134 123 5.256000 -1.556000
372 1 8 0 138 90 6.821000 -2.911000
373 1 13 0 143 88 6.245000 -2.936000
374 1 15 0 145 85 3.907000 -3.799000
375 1 17 0 147 88 3.110000 -3.885000
376 1 18 0 148 92 2.100000 -2.750000
377 1 19 0 149 99 2.833000 -3.716000
378 1 19 0 149 97 0.966000 -2.754000
379 1 21 0 151 95 1.029000 -0.227000
380 1 20 0 150 91 3.689000 -0.090000
381 1 37 0 137 93 2.339000 1.571000
382 1 44 0 128 90 4.343000 1.617000
383 1 51 0 139 87 4.671000 2.204000
384 1 51 0 140 89 4.914000 2.437000
385 1 57 0 145 87 4.860000 2.421000
386 1 70 0 161 74 5.055000 2.025000
387 1 78 0 171 76 5.650000 1.428000
388 1 81 0 175 80 6.103000 0.330000
389 1 86 0 180 85 6.505000 -0.195000
390 1 92 0 185 91 6.678000 0.018000
391 1 112 0 176 97 7.179000 0.047000
392 1 119 0 187 96 7.273000 -0.093000
393 1 123 0 192 94 6.622000 1.312000
394 1 126 0 195 92 4.551000 -0.128000
395 1 131 0 199 89 5.200000 0.119000
396 1 134 0 202 86 4.934000 -0.139000
397 1 138 0 206 84 5.649000 0.365000
398 1 142 0 210 80 5.766000 0.058000
399 1 144 0 212 77 5.894000 1.090000
400 1 147 0 215 62 5.332000 0.986000
401 1 150 0 218 52 5.290000 1.226000
401 2 0 134 33 188 5.290000 1.226000
402 1 150 0 218 38 5.229000 0.632000
402 2 0 138 40 212 5.229000 0.632000
403 1 154 0 223 36 5.214000 0.837000
403 2 0 111 47 231 5.214000 0.837000
404 1 167 0 232 36 4.917000 1.436000
404 2 0 104 52 225 4.917000 1.436000
405 1 176 0 241 32 4.724000 1.221000
405 2 1 102 57 223 4.724000 1.221000
406 1 213 0 255 38 3.374000 1.087000
406 2 0 100 56 221 3.374000 1.087000
407 1 218 0 264 38 2.387000 1.291000
407 2 0 98 60 240 2.387000 1.291000
408 1 222 0 268 37 1.684000 1.509000
408 2 0 100 60 235 1.684000 1.509000
409 1 224 0 270 37 0.088000 1.823000
409 2 0 97 60 232 0.088000 1.823000
410 1 224 0 270 36 -0.786000 1.173000
410 2 0 96 60 231 -0.786000 1.173000
411 1 224 0 270 24 -2.658000 0.683000
411 2 0 92 57 227 -2.658000 0.683000
412 1 219 0 268 17 -2.752000 0.912000
412 2 0 86 56 228 -2.752000 0.912000
413 1 217 0 266 6 -3.720000 1.199000
413 2 0 83 51 225 -3.720000 1.199000
414 1 0 78 47 220 -3.121000 1.406000
415 1 175 0 226 13 -2.995000 1.711000
415 2 0 74 45 217 -2.995000 1.711000
416 1 176 0 229 15 -2.390000 1.232000
416 2 0 72 42 214 -2.390000 1.232000
417 1 178 0 234 20 -2.124000 1.597000
417 2 0 65 42 214 -2.124000 1.597000
418 1 181 0 237 28 -2.174000 1.513000
418 2 0 62 40 211 -2.174000 1.513000
419 1 181 0 237 33 -2.035000 1.342000
419 2 0 60 39 209 -2.035000 1.342000
420 1 181 0 222 41 -2.675000 0.763000
420 2 0 54 38 211 -2.675000 0.763000
421 1 180 0 219 42 -3.077000 1.020000
421 2 0 59 31 174 -3.077000 1.020000
422 1 184 0 216 44 -4.272000 1.039000
422 2 0 80 22 152 -4.272000 1.039000
423 1 167 0 223 43 -5.365000 0.918000
423 2 0 74 15 147 -5.365000 0.918000
424 1 158 0 214 38 -4.985000 -1.032000
425 1 153 0 212 30 -3.357000 -1.745000
426 1 150 0 191 22 -3.240000 -0.867000
427 1 150 0 174 18 -5.400000 -1.038000
428 1 122 0 177 6 -4.722000 1.386000
