136 1 197 60 239 185 0.000000 0.000000
137 1 196 52 238 178 -2.293000 -4.453000
137 2 246 63 320 240 -2.293000 -4.453000
138 1 194 40 238 172 -1.863000 -3.510000
138 2 241 59 316 235 -1.863000 -3.510000
139 1 192 42 236 174 -3.054000 -0.107000
139 2 237 55 312 240 -3.054000 -0.107000
140 1 190 42 234 174 -3.314000 2.482000
140 2 234 54 309 240 -3.314000 2.482000
141 1 186 50 221 174 -2.505000 2.221000
141 2 230 31 318 240 -2.505000 2.221000
142 1 173 19 228 172 -1.310000 0.557000
142 2 227 31 315 240 -1.310000 0.557000
143 1 172 20 227 173 -1.488000 0.213000
143 2 219 16 307 240 -1.488000 0.213000
144 1 170 20 225 172 -1.806000 0.731000
144 2 217 15 305 240 -1.806000 0.731000
145 1 168 19 223 172 -1.961000 -1.508000
145 2 215 13 303 240 -1.961000 -1.508000
146 1 166 16 222 169 -1.387000 -2.563000
146 2 213 10 301 238 -1.387000 -2.563000
147 1 165 10 220 163 -1.015000 -3.718000
147 2 202 0 298 240 -1.015000 -3.718000
148 1 165 6 220 159 -0.721000 -4.476000
148 2 201 0 297 236 -0.721000 -4.476000
149 1 164 0 219 152 -1.196000 -4.752000
149 2 199 0 294 234 -1.196000 -4.752000
150 1 163 0 218 145 -1.521000 -5.239000
150 2 197 0 293 227 -1.521000 -5.239000
151 1 160 0 216 141 -2.015000 -3.978000
151 2 195 0 290 222 -2.015000 -3.978000
152 1 158 0 214 138 -2.061000 -2.720000
152 2 193 0 288 218 -2.061000 -2.720000
153 1 157 0 212 139 -2.056000 1.088000
153 2 191 0 287 219 -2.056000 1.088000
154 1 156 0 211 146 -1.723000 4.843000
154 2 190 0 285 224 -1.723000 4.843000
155 1 154 0 209 151 -1.114000 5.005000
155 2 188 0 283 229 -1.114000 5.005000
156 1 154 2 209 155 -0.945000 3.293000
156 2 186 0 282 232 -0.945000 3.293000
157 1 153 4 208 157 -0.939000 2.000000
157 2 185 0 280 234 -0.939000 2.000000
158 1 152 4 208 157 -0.822000 -1.350000
158 2 184 0 280 233 -0.822000 -1.350000
159 1 151 2 206 155 -1.010000 -2.707000
159 2 183 0 278 231 -1.010000 -2.707000
160 1 149 2 204 154 -2.257000 -2.006000
160 2 182 0 277 229 -2.257000 -2.006000
161 1 148 0 203 151 -2.807000 -0.930000
161 2 181 0 272 221 -2.807000 -0.930000
162 1 145 1 200 154 -2.646000 3.284000
162 2 178 0 269 224 -2.646000 3.284000
163 1 142 10 198 162 -2.530000 5.693000
163 2 176 0 266 231 -2.530000 5.693000
164 1 140 19 196 172 -2.202000 5.757000
164 2 173 3 264 239 -2.202000 5.757000
165 1 138 22 194 175 -2.074000 3.419000
165 2 169 2 264 240 -2.074000 3.419000
166 1 139 26 192 171 -1.014000 0.813000
166 2 171 7 261 240 -1.014000 0.813000
167 1 139 28 192 173 0.862000 0.165000
167 2 171 8 262 240 0.862000 0.165000
168 1 140 30 192 176 1.026000 2.707000
168 2 170 12 261 240 1.026000 2.707000
169 1 140 38 193 184 1.385000 5.756000
169 2 171 20 262 240 1.385000 5.756000
170 1 142 43 194 189 1.699000 4.533000
170 2 174 30 261 240 1.699000 4.533000
171 1 144 48 194 187 2.219000 1.022000
171 2 176 30 262 240 2.219000 1.022000
172 1 146 49 196 188 2.067000 -0.568000
172 2 177 30 264 240 2.067000 -0.568000
173 1 147 48 197 186 1.998000 -1.333000
173 2 179 28 265 240 1.998000 -1.333000
174 1 150 48 200 187 1.669000 -0.849000
174 2 180 27 266 240 1.669000 -0.849000
175 1 150 46 200 185 1.292000 -0.669000
175 2 182 26 268 240 1.292000 -0.669000
176 1 152 47 202 185 1.658000 0.944000
176 2 182 27 269 240 1.658000 0.944000
177 1 152 51 202 190 1.303000 3.157000
177 2 184 31 270 240 1.303000 3.157000
178 1 153 56 203 195 1.708000 3.697000
178 2 184 35 270 240 1.708000 3.697000
179 1 156 59 206 198 1.733000 1.748000
179 2 186 41 272 240 1.733000 1.748000
180 1 156 62 206 201 1.731000 1.667000
180 2 187 42 274 240 1.731000 1.667000
181 1 157 66 207 204 1.259000 2.480000
181 2 188 48 274 240 1.259000 2.480000
182 1 158 71 208 210 1.019000 3.764000
182 2 190 57 272 240 1.019000 3.764000
183 1 158 76 208 215 0.136000 3.586000
183 2 190 60 273 240 0.136000 3.586000
184 1 158 80 208 219 -0.379000 3.360000
184 2 191 64 273 240 -0.379000 3.360000
185 1 158 83 208 222 -0.435000 2.321000
185 2 190 68 272 240 -0.435000 2.321000
186 1 158 87 208 225 -0.898000 0.862000
186 2 192 75 270 240 -0.898000 0.862000
187 1 158 88 208 227 -1.252000 0.082000
187 2 191 75 269 240 -1.252000 0.082000
188 1 157 88 207 227 -1.002000 -0.276000
188 2 190 76 268 240 -1.002000 -0.276000
189 1 156 89 206 228 -0.984000 -0.951000
189 2 189 75 268 240 -0.984000 -0.951000
190 1 155 88 205 226 -1.017000 -1.043000
190 2 188 75 267 240 -1.017000 -1.043000
191 1 157 86 207 225 -1.043000 -1.202000
191 2 187 74 266 240 -1.043000 -1.202000
192 1 155 86 205 225 -0.192000 1.138000
192 2 187 73 266 240 -0.192000 1.138000
193 1 156 91 204 223 -0.565000 1.613000
193 2 187 73 266 240 -0.565000 1.613000
194 1 156 93 204 225 -1.033000 1.535000
194 2 189 78 263 240 -1.033000 1.535000
195 1 156 91 206 230 0.960000 1.229000
195 2 189 80 263 240 0.960000 1.229000
196 1 156 91 206 230 0.600000 1.264000
196 2 188 81 263 240 0.600000 1.264000
197 1 157 92 207 231 1.258000 1.218000
197 2 189 82 264 240 1.258000 1.218000
198 1 157 92 207 231 0.343000 0.729000
198 2 190 82 264 240 0.343000 0.729000
199 1 157 90 207 229 0.567000 -1.357000
199 2 190 81 265 240 0.567000 -1.357000
200 1 158 88 208 227 0.497000 -2.180000
200 2 190 79 264 240 0.497000 -2.180000
201 1 157 86 207 225 -0.027000 -1.445000
201 2 199 72 266 240 -0.027000 -1.445000
202 1 156 87 206 225 -0.332000 1.573000
202 2 199 72 266 240 -0.332000 1.573000
203 1 157 87 207 225 -0.926000 2.023000
203 2 199 73 266 240 -0.926000 2.023000
204 1 157 88 207 227 -1.070000 1.439000
204 2 198 74 266 240 -1.070000 1.439000
205 1 158 93 205 225 -0.668000 1.795000
205 2 197 74 265 240 -0.668000 1.795000
206 1 157 92 204 224 -0.479000 0.325000
206 2 198 73 265 240 -0.479000 0.325000
207 1 157 91 205 223 0.362000 -1.362000
207 2 197 72 264 240 0.362000 -1.362000
208 1 155 83 205 222 0.507000 -2.480000
208 2 197 68 264 240 0.507000 -2.480000
209 1 157 81 207 219 0.522000 -1.552000
209 2 197 67 265 240 0.522000 -1.552000
210 1 157 81 207 219 0.097000 1.198000
210 2 198 66 265 240 0.097000 1.198000
211 1 156 81 206 219 -0.252000 1.819000
211 2 198 66 265 240 -0.252000 1.819000
212 1 157 81 207 220 -0.333000 1.331000
212 2 198 66 266 240 -0.333000 1.331000
213 1 157 81 207 220 0.336000 0.919000
213 2 190 67 264 240 0.336000 0.919000
214 1 152 78 202 217 1.276000 -0.102000
214 2 192 66 266 240 1.276000 -0.102000
215 1 154 76 203 215 0.985000 -0.896000
215 2 192 65 266 240 0.985000 -0.896000
216 1 154 76 204 215 -0.116000 0.816000
216 2 191 65 265 240 -0.116000 0.816000
217 1 154 76 204 215 -0.006000 0.999000
217 2 192 63 267 240 -0.006000 0.999000
218 1 155 77 204 216 1.144000 1.026000
218 2 192 64 266 240 1.144000 1.026000
219 1 154 77 204 216 -0.437000 0.902000
219 2 192 64 266 240 -0.437000 0.902000
220 1 155 82 202 214 -0.060000 1.100000
220 2 192 64 266 240 -0.060000 1.100000
221 1 155 83 202 215 -0.019000 0.716000
221 2 192 63 266 240 -0.019000 0.716000
222 1 156 83 204 215 0.505000 0.829000
222 2 193 64 268 240 0.505000 0.829000
223 1 155 83 203 215 0.233000 0.609000
223 2 193 64 267 240 0.233000 0.609000
224 1 154 82 202 214 0.849000 1.272000
224 2 193 64 267 240 0.849000 1.272000
225 1 155 82 202 214 -0.645000 -0.512000
225 2 194 68 265 240 -0.645000 -0.512000
226 1 154 81 201 213 -0.794000 -0.189000
226 2 194 66 265 240 -0.794000 -0.189000
227 1 153 79 200 211 -0.915000 0.856000
227 2 195 65 268 240 -0.915000 0.856000
228 1 153 81 200 213 -1.213000 1.271000
228 2 195 65 267 240 -1.213000 1.271000
229 1 152 82 200 214 -0.998000 2.572000
229 2 195 66 268 240 -0.998000 2.572000
230 1 152 91 199 223 -0.577000 7.483000
230 2 195 76 267 240 -0.577000 7.483000
231 1 151 101 199 233 -1.701000 7.621000
231 2 194 86 266 240 -1.701000 7.621000
232 1 150 112 198 240 -1.473000 7.878000
232 2 193 96 265 240 -1.473000 7.878000
233 1 149 120 196 240 -1.646000 5.799000
233 2 193 108 262 240 -1.646000 5.799000
234 1 146 124 195 240 -2.965000 4.056000
234 2 196 112 264 240 -2.965000 4.056000
235 1 144 125 193 240 -2.123000 1.152000
235 2 194 114 262 240 -2.123000 1.152000
236 1 141 127 191 240 -1.822000 0.600000
236 2 192 116 260 240 -1.822000 0.600000
237 1 140 128 190 240 -2.668000 -0.744000
237 2 192 117 260 240 -2.668000 -0.744000
238 1 141 131 189 240 -1.703000 -1.957000
238 2 191 116 259 240 -1.703000 -1.957000
239 1 140 128 188 240 -0.336000 -5.274000
239 2 191 113 259 240 -0.336000 -5.274000
240 1 140 128 187 240 -2.080000 0.432000
240 2 190 113 257 240 -2.080000 0.432000
241 1 137 128 187 240 -2.729000 3.093000
241 2 188 115 256 240 -2.729000 3.093000
242 1 136 142 183 240 -4.476000 7.233000
242 2 187 129 251 240 -4.476000 7.233000
243 1 133 152 180 240 -5.951000 8.340000
243 2 183 138 248 240 -5.951000 8.340000
244 1 132 154 179 240 -4.313000 3.488000
244 2 181 139 246 240 -4.313000 3.488000
245 1 130 154 178 240 -4.972000 -0.039000
245 2 179 140 244 240 -4.972000 -0.039000
246 1 128 148 176 240 -1.510000 -3.980000
246 2 178 134 242 240 -1.510000 -3.980000
247 1 127 144 174 240 -1.941000 -5.159000
247 2 177 129 245 240 -1.941000 -5.159000
248 1 125 138 170 240 -0.732000 -2.540000
248 2 177 128 244 240 -0.732000 -2.540000
249 1 123 137 171 240 0.440000 1.759000
249 2 177 128 244 240 0.440000 1.759000
250 1 124 137 171 240 -1.439000 2.856000
250 2 176 130 244 240 -1.439000 2.856000
251 1 126 139 173 240 2.756000 -0.468000
251 2 178 131 246 240 2.756000 -0.468000
252 1 131 136 178 240 7.318000 -0.890000
252 2 185 130 253 240 7.318000 -0.890000
253 1 138 128 188 240 6.455000 -3.579000
253 2 190 125 258 240 6.455000 -3.579000
254 1 140 124 189 240 0.900000 -5.195000
254 2 190 115 261 240 0.900000 -5.195000
255 1 140 121 189 240 -2.271000 -1.145000
255 2 191 113 262 240 -2.271000 -1.145000
256 1 140 121 189 240 -2.007000 -0.551000
256 2 191 112 262 240 -2.007000 -0.551000
257 1 143 121 192 240 1.254000 0.834000
257 2 194 112 265 240 1.254000 0.834000
258 1 144 120 193 240 1.826000 -0.921000
258 2 196 112 267 240 1.826000 -0.921000
259 1 146 118 198 240 1.997000 -1.514000
259 2 198 113 269 240 1.997000 -1.514000
260 1 145 119 197 240 2.140000 -0.711000
260 2 200 114 271 240 2.140000 -0.711000
261 1 148 121 199 240 1.414000 1.394000
261 2 201 115 272 240 1.414000 1.394000
262 1 148 118 202 240 0.183000 1.390000
262 2 202 117 274 240 0.183000 1.390000
263 1 146 117 200 240 -3.155000 1.804000
263 2 202 118 274 240 -3.155000 1.804000
264 1 145 118 199 240 -2.836000 1.610000
264 2 203 118 274 240 -2.836000 1.610000
265 1 147 119 201 240 -0.508000 2.717000
265 2 203 119 274 240 -0.508000 2.717000
266 1 150 123 201 240 -2.339000 4.005000
266 2 204 120 275 240 -2.339000 4.005000
267 1 149 124 200 240 -2.290000 3.190000
267 2 204 120 275 240 -2.290000 3.190000
268 1 148 120 202 240 1.047000 6.902000
268 2 204 120 275 240 1.047000 6.902000
269 1 149 121 203 240 -2.049000 5.473000
269 2 206 125 274 240 -2.049000 5.473000
270 1 148 121 202 240 -2.514000 3.754000
270 2 205 121 276 240 -2.514000 3.754000
271 1 150 119 204 240 1.603000 0.140000
271 2 206 121 277 240 1.603000 0.140000
272 1 154 122 206 240 1.402000 -1.056000
272 2 207 118 278 240 1.402000 -1.056000
273 1 157 121 208 240 1.467000 0.193000
273 2 211 118 282 240 1.467000 0.193000
274 1 159 122 210 240 0.558000 1.419000
274 2 212 118 283 240 0.558000 1.419000
275 1 161 123 212 240 1.288000 1.421000
275 2 214 120 285 240 1.288000 1.421000
276 1 162 124 213 240 2.212000 0.913000
276 2 216 122 287 240 2.212000 0.913000
277 1 164 124 216 240 3.866000 1.123000
277 2 219 123 290 240 3.866000 1.123000
278 1 166 126 217 240 0.270000 0.395000
278 2 220 125 292 240 0.270000 0.395000
279 1 168 131 217 240 0.321000 1.503000
279 2 222 126 293 240 0.321000 1.503000
280 1 169 130 218 240 0.881000 -0.270000
280 2 222 126 294 240 0.881000 -0.270000
281 1 171 129 220 240 -0.063000 0.033000
281 2 224 126 295 240 -0.063000 0.033000
282 1 171 124 222 240 -0.848000 -0.789000
282 2 224 125 295 240 -0.848000 -0.789000
283 1 170 122 222 240 -4.110000 0.799000
283 2 224 124 295 240 -4.110000 0.799000
284 1 169 122 220 240 -4.836000 2.528000
284 2 223 123 294 240 -4.836000 2.528000
285 1 169 123 220 240 -3.644000 3.034000
285 2 222 123 293 240 -3.644000 3.034000
286 1 167 124 219 240 -2.534000 2.173000
286 2 220 124 291 240 -2.534000 2.173000
287 1 165 124 216 240 -3.728000 3.931000
287 2 220 128 288 240 -3.728000 3.931000
288 1 162 120 216 240 -3.254000 4.117000
288 2 218 128 286 240 -3.254000 4.117000
289 1 162 123 214 240 -0.845000 2.419000
289 2 216 128 284 240 -0.845000 2.419000
290 1 162 126 212 240 -1.977000 1.621000
290 2 215 127 283 240 -1.977000 1.621000
291 1 163 122 214 240 -0.606000 0.160000
291 2 215 127 282 240 -0.606000 0.160000
292 1 162 124 212 240 -2.595000 1.057000
292 2 213 127 281 240 -2.595000 1.057000
293 1 161 122 210 240 -3.858000 -0.267000
293 2 212 126 279 240 -3.858000 -0.267000
294 1 160 119 209 240 -0.784000 -1.050000
294 2 211 124 278 240 -0.784000 -1.050000
295 1 160 115 211 240 0.319000 -0.655000
295 2 209 118 280 240 0.319000 -0.655000
296 1 160 115 212 240 -0.600000 3.419000
296 2 210 118 282 240 -0.600000 3.419000
297 1 162 115 213 240 1.210000 1.980000
297 2 211 119 282 240 1.210000 1.980000
298 1 161 115 213 240 0.270000 0.831000
298 2 212 120 283 240 0.270000 0.831000
299 1 161 115 212 240 -1.081000 -0.538000
299 2 212 120 283 240 -1.081000 -0.538000
300 1 161 115 212 240 -2.815000 -1.871000
300 2 212 119 283 240 -2.815000 -1.871000
301 1 160 117 208 240 -2.426000 -0.312000
301 2 211 121 283 240 -2.426000 -0.312000
302 1 157 114 209 240 -2.139000 -0.032000
302 2 210 122 281 240 -2.139000 -0.032000
303 1 156 117 207 240 -2.163000 1.645000
303 2 208 124 279 240 -2.163000 1.645000
304 1 155 119 206 240 -0.886000 -0.095000
304 2 206 125 278 240 -0.886000 -0.095000
305 1 157 122 206 240 2.454000 -1.941000
305 2 206 124 277 240 2.454000 -1.941000
306 1 157 121 206 240 0.195000 -1.175000
306 2 206 121 278 240 0.195000 -1.175000
307 1 158 120 207 240 0.898000 -1.162000
307 2 207 118 278 240 0.898000 -1.162000
308 1 159 119 208 240 -0.235000 -1.366000
308 2 196 115 280 240 -0.235000 -1.366000
309 1 156 118 209 240 0.180000 -0.465000
309 2 197 114 280 240 0.180000 -0.465000
310 1 156 118 208 240 -0.046000 0.679000
310 2 189 111 284 240 -0.046000 0.679000
311 1 154 119 207 240 -0.923000 1.108000
311 2 188 111 284 240 -0.923000 1.108000
312 1 154 119 207 240 0.319000 2.257000
312 2 180 112 283 240 0.319000 2.257000
313 1 155 120 208 240 -2.125000 2.333000
313 2 180 112 284 240 -2.125000 2.333000
314 1 155 121 208 240 -3.807000 1.107000
314 2 171 111 289 240 -3.807000 1.107000
315 1 152 120 218 240 -1.768000 1.105000
315 2 170 111 288 240 -1.768000 1.105000
316 1 151 121 217 240 -1.503000 1.946000
316 2 164 114 288 240 -1.503000 1.946000
317 1 150 122 216 240 -0.435000 0.451000
317 2 165 114 289 240 -0.435000 0.451000
318 1 148 123 226 240 -0.340000 -1.972000
318 2 165 115 289 240 -0.340000 -1.972000
319 1 147 122 225 240 -0.242000 -0.184000
319 2 159 116 289 240 -0.242000 -0.184000
320 1 146 120 224 240 -2.811000 -1.841000
320 2 158 114 288 240 -2.811000 -1.841000
321 1 146 118 224 240 -1.902000 -3.413000
321 2 159 114 289 240 -1.902000 -3.413000
322 1 146 117 224 240 -2.322000 -2.960000
322 2 153 112 287 240 -2.322000 -2.960000
323 1 146 116 224 240 -1.659000 -2.182000
323 2 152 110 286 240 -1.659000 -2.182000
324 1 144 115 222 240 -0.808000 -1.996000
324 2 150 110 284 240 -0.808000 -1.996000
325 1 143 114 221 240 -5.465000 -1.249000
325 2 149 109 283 240 -5.465000 -1.249000
326 1 143 114 221 240 -5.265000 -1.346000
326 2 148 109 282 240 -5.265000 -1.346000
327 1 142 114 220 240 -2.896000 -1.010000
327 2 140 111 281 240 -2.896000 -1.010000
328 1 141 114 219 240 -1.128000 -0.499000
328 2 140 111 280 240 -1.128000 -0.499000
329 1 140 112 218 240 -1.320000 -0.432000
329 2 135 111 286 240 -1.320000 -0.432000
330 1 138 108 220 240 -0.403000 -0.570000
330 2 134 111 285 240 -0.403000 -0.570000
331 1 138 108 220 240 -0.868000 1.093000
331 2 132 112 284 240 -0.868000 1.093000
332 1 139 107 221 240 -2.666000 -0.519000
332 2 128 111 292 240 -2.666000 -0.519000
333 1 143 108 220 240 -1.248000 -2.125000
333 2 127 109 291 240 -1.248000 -2.125000
334 1 142 108 220 240 -0.509000 -1.567000
334 2 124 105 294 240 -0.509000 -1.567000
335 1 142 108 219 240 0.010000 0.554000
335 2 125 106 294 240 0.010000 0.554000
336 1 142 109 220 240 0.181000 1.583000
336 2 122 106 303 240 0.181000 1.583000
337 1 142 111 220 240 1.660000 1.496000
337 2 122 107 308 240 1.660000 1.496000
338 1 150 112 220 240 1.634000 0.362000
338 2 123 108 308 240 1.634000 0.362000
339 1 150 112 220 240 0.041000 2.133000
339 2 124 108 309 240 0.041000 2.133000
340 1 150 113 220 240 0.058000 1.319000
340 2 122 109 308 240 0.058000 1.319000
341 1 150 114 220 240 0.434000 1.936000
341 2 122 111 308 240 0.434000 1.936000
342 1 150 115 220 240 0.391000 1.517000
342 2 122 111 307 240 0.391000 1.517000
343 1 149 115 219 240 -0.601000 0.381000
343 2 120 113 306 240 -0.601000 0.381000
344 1 146 117 219 240 -0.883000 1.291000
344 2 121 114 312 240 -0.883000 1.291000
345 1 146 118 219 240 -0.127000 1.491000
345 2 122 114 312 240 -0.127000 1.491000
346 1 146 118 219 240 1.462000 1.244000
346 2 122 115 312 240 1.462000 1.244000
347 1 147 119 220 240 0.990000 1.820000
347 2 121 114 312 240 0.990000 1.820000
348 1 147 118 220 240 1.702000 -0.043000
348 2 122 115 313 240 1.702000 -0.043000
349 1 144 125 216 225 -2.838000 2.702000
349 2 122 114 313 240 -2.838000 2.702000
350 1 144 124 216 225 -1.939000 -0.335000
350 2 126 113 317 240 -1.939000 -0.335000
351 1 144 124 217 224 0.942000 1.030000
351 2 126 113 317 240 0.942000 1.030000
352 1 144 125 217 226 1.236000 1.757000
352 2 121 109 320 240 1.236000 1.757000
353 1 144 124 222 228 1.990000 2.233000
353 2 128 114 319 240 1.990000 2.233000
354 1 146 126 224 229 1.099000 2.619000
354 2 129 114 320 240 1.099000 2.619000
355 1 146 132 224 230 0.370000 4.564000
355 2 129 118 320 240 0.370000 4.564000
358 1 143 142 229 240 0.000000 0.000000
358 2 129 118 320 240 0.000000 0.000000
359 1 142 142 222 237 0.615000 0.329000
359 2 123 116 320 240 0.615000 0.329000
360 1 141 141 222 236 -1.762000 -2.124000
360 2 117 111 320 240 -1.762000 -2.124000
361 1 141 140 221 234 -0.768000 -4.808000
361 2 116 110 320 240 -0.768000 -4.808000
362 1 140 136 221 227 -0.713000 -6.485000
362 2 111 101 320 240 -0.713000 -6.485000
363 1 144 133 221 224 0.264000 -3.592000
363 2 110 101 320 240 0.264000 -3.592000
364 1 143 133 220 224 -0.500000 -0.821000
364 2 104 96 320 240 -0.500000 -0.821000
365 1 139 135 220 226 -1.856000 1.948000
365 2 104 95 320 240 -1.856000 1.948000
366 1 139 137 220 228 -2.604000 4.143000
366 2 103 96 320 240 -2.604000 4.143000
367 1 136 134 218 229 1.741000 2.054000
367 2 102 98 320 240 1.741000 2.054000
368 1 135 132 217 228 -0.125000 1.147000
368 2 100 97 320 240 -0.125000 1.147000
369 1 136 130 219 225 1.007000 1.391000
369 2 108 102 320 240 1.007000 1.391000
370 1 135 128 217 223 0.199000 -0.762000
370 2 107 101 320 240 0.199000 -0.762000
371 1 131 123 217 222 0.098000 -2.200000
371 2 106 100 320 240 0.098000 -2.200000
372 1 130 121 216 220 -0.672000 -2.729000
372 2 117 113 320 240 -0.672000 -2.729000
373 1 130 115 215 214 -0.090000 -2.674000
373 2 98 92 320 240 -0.090000 -2.674000
374 1 126 112 216 216 0.238000 -1.636000
374 2 104 97 320 240 0.238000 -1.636000
375 1 124 108 218 210 -1.901000 0.352000
375 2 113 108 320 240 -1.901000 0.352000
376 1 123 111 216 212 -1.898000 2.397000
376 2 113 109 320 240 -1.898000 2.397000
377 1 121 113 215 214 -1.659000 2.432000
377 2 106 112 320 240 -1.659000 2.432000
378 1 117 114 154 148 -2.432000 2.530000
378 2 105 115 319 240 -2.432000 2.530000
379 1 118 116 152 148 -2.899000 1.852000
379 2 104 114 317 240 -2.899000 1.852000
380 1 115 118 149 150 -0.784000 2.301000
380 2 94 112 320 240 -0.784000 2.301000
381 1 113 122 147 154 0.471000 -1.740000
381 2 93 112 320 240 0.471000 -1.740000
382 1 113 124 146 155 1.979000 -1.497000
382 2 93 110 320 240 1.979000 -1.497000
383 1 113 126 146 157 2.295000 -1.022000
383 2 88 109 320 240 2.295000 -1.022000
384 1 114 129 257 170 2.300000 -1.691000
384 2 88 109 320 240 2.300000 -1.691000
385 1 113 127 256 168 0.496000 -3.155000
385 2 81 107 320 240 0.496000 -3.155000
386 1 111 121 254 162 0.364000 -9.161000
386 2 79 98 319 240 0.364000 -9.161000
387 1 101 113 251 156 -0.811000 -7.463000
387 2 69 84 320 240 -0.811000 -7.463000
388 1 128 107 248 158 1.281000 -4.494000
388 2 61 74 320 238 1.281000 -4.494000
389 1 126 105 254 162 5.559000 -2.381000
389 2 61 78 320 240 5.559000 -2.381000
390 1 125 106 252 163 0.791000 1.077000
390 2 61 79 320 240 0.791000 1.077000
391 1 117 108 249 168 -6.521000 0.065000
391 2 51 76 320 240 -6.521000 0.065000
392 1 109 106 242 165 -4.044000 -4.544000
392 2 46 72 320 239 -4.044000 -4.544000
393 1 108 96 240 155 -2.181000 -5.624000
393 2 41 69 320 240 -2.181000 -5.624000
394 1 101 90 234 149 -3.895000 -7.954000
394 2 31 60 320 240 -3.895000 -7.954000
395 1 96 78 229 138 -6.459000 -7.159000
395 2 17 52 320 240 -6.459000 -7.159000
396 1 93 78 228 144 -2.974000 -8.308000
396 2 4 45 293 240 -2.974000 -8.308000
397 1 94 73 226 145 -3.910000 -2.948000
397 2 2 42 291 238 -3.910000 -2.948000
398 1 94 70 226 142 -3.543000 -2.227000
398 2 0 39 287 235 -3.543000 -2.227000
399 1 96 74 228 142 -4.145000 -1.947000
399 2 0 35 265 217 -4.145000 -1.947000
400 1 102 89 226 142 -2.351000 -1.953000
400 2 0 27 258 203 -2.351000 -1.953000
401 1 113 90 242 132 1.100000 -1.607000
401 2 0 30 249 190 1.100000 -1.607000
402 1 117 87 253 136 2.283000 -0.917000
402 2 0 19 252 169 2.283000 -0.917000
403 1 117 86 252 135 0.278000 -0.715000
403 2 0 20 250 169 0.278000 -0.715000
404 1 118 84 247 137 1.163000 0.424000
404 2 0 19 241 150 1.163000 0.424000
405 1 115 80 250 136 1.841000 1.379000
405 2 0 16 234 140 1.841000 1.379000
406 1 115 81 250 137 1.311000 3.228000
406 2 0 16 239 146 1.311000 3.228000
407 1 115 81 248 151 0.903000 3.951000
407 2 0 22 232 146 0.903000 3.951000
408 1 115 84 243 152 1.146000 1.028000
408 2 0 24 229 148 1.146000 1.028000
409 1 113 84 242 152 0.631000 -1.277000
409 2 0 25 224 122 0.631000 -1.277000
410 1 113 78 242 158 0.900000 -2.232000
410 2 0 24 222 121 0.900000 -2.232000
411 1 109 74 245 158 0.659000 -2.294000
411 2 0 23 220 119 0.659000 -2.294000
412 1 109 73 242 149 0.863000 -2.159000
412 2 0 22 218 118 0.863000 -2.159000
413 1 108 72 241 148 0.966000 -1.937000
413 2 0 22 206 113 0.966000 -1.937000
414 1 108 70 240 145 1.457000 -2.072000
414 2 0 17 211 113 1.457000 -2.072000
415 1 103 63 242 142 1.760000 -4.791000
415 2 0 12 217 113 1.760000 -4.791000
416 1 107 60 239 135 2.439000 -5.524000
416 2 0 6 219 107 2.439000 -5.524000
417 1 111 49 239 133 2.906000 -5.847000
417 2 0 0 219 100 2.906000 -5.847000
418 1 110 43 244 131 3.292000 -3.320000
418 2 0 0 216 96 3.292000 -3.320000
419 1 112 43 246 132 3.116000 -0.627000
419 2 0 0 209 91 3.116000 -0.627000
420 1 113 43 246 131 3.331000 -0.417000
420 2 0 0 200 87 3.331000 -0.417000
421 1 110 38 250 131 4.674000 -0.292000
421 2 0 0 202 91 4.674000 -0.292000
422 1 115 42 256 134 6.815000 0.860000
422 2 0 0 204 93 6.815000 0.860000
423 1 121 48 262 140 6.863000 4.844000
423 2 0 2 214 101 6.863000 4.844000
424 1 127 57 261 146 6.369000 6.726000
424 2 0 12 218 110 6.369000 6.726000
425 1 130 61 264 150 7.300000 2.551000
425 2 0 18 216 111 7.300000 2.551000
426 1 137 61 271 150 8.596000 -0.833000
426 2 0 16 227 114 8.596000 -0.833000
427 1 141 63 275 151 7.220000 -0.727000
427 2 0 16 232 114 7.220000 -0.727000
428 1 142 64 276 152 6.436000 0.968000
428 2 0 22 229 126 6.436000 0.968000
429 1 146 67 279 155 5.684000 2.514000
429 2 0 27 230 131 5.684000 2.514000
430 1 149 71 283 160 4.864000 5.141000
430 2 0 33 232 137 4.864000 5.141000
431 1 155 76 281 166 4.964000 2.805000
431 2 0 39 231 146 4.964000 2.805000
432 1 157 76 288 156 5.421000 -0.914000
432 2 0 38 232 145 5.421000 -0.914000
433 1 157 75 289 154 5.145000 -2.982000
433 2 0 37 235 144 5.145000 -2.982000
434 1 162 59 296 150 4.838000 -5.664000
434 2 0 31 241 143 4.838000 -5.664000
435 1 163 59 297 150 4.379000 -1.737000
435 2 21 32 239 146 4.379000 -1.737000
436 1 164 61 297 152 3.894000 1.037000
436 2 37 36 240 150 3.894000 1.037000
437 1 163 63 296 154 2.980000 2.479000
437 2 42 40 236 148 2.980000 2.479000
438 1 164 66 297 157 1.365000 3.224000
438 2 36 44 234 156 1.365000 3.224000
439 1 163 67 296 158 1.475000 -0.749000
439 2 36 44 233 156 1.475000 -0.749000
440 1 167 68 301 159 2.314000 -1.626000
440 2 36 43 234 155 2.314000 -1.626000
441 1 168 66 301 157 0.949000 -1.009000
441 2 35 45 230 154 0.949000 -1.009000
442 1 165 63 298 154 0.724000 0.676000
442 2 36 43 228 150 0.724000 0.676000
443 1 161 59 301 155 0.377000 -0.127000
443 2 35 43 228 150 0.377000 -0.127000
444 1 159 58 299 153 0.065000 -0.651000
444 2 33 43 226 150 0.065000 -0.651000
445 1 156 53 303 154 0.716000 -2.722000
445 2 31 40 223 147 0.716000 -2.722000
446 1 166 46 293 146 1.254000 -6.000000
446 2 28 35 220 142 1.254000 -6.000000
447 1 164 44 296 144 0.919000 -2.897000
447 2 27 31 219 138 0.919000 -2.897000
448 1 165 43 297 143 1.039000 -1.033000
448 2 25 28 218 135 1.039000 -1.033000
449 1 162 39 301 144 0.813000 -0.795000
449 2 20 24 222 136 0.813000 -0.795000
450 1 162 42 293 142 1.214000 -0.576000
450 2 21 22 206 135 1.214000 -0.576000
451 1 160 42 291 142 -0.025000 -0.682000
451 2 19 22 204 134 -0.025000 -0.682000
452 1 160 42 292 142 1.325000 0.577000
452 2 18 22 203 134 1.325000 0.577000
453 1 159 46 294 132 1.481000 0.921000
453 2 17 22 203 134 1.481000 0.921000
454 1 159 49 294 136 1.687000 2.641000
454 2 18 23 203 135 1.687000 2.641000
455 1 159 54 294 140 0.883000 3.101000
455 2 27 25 203 149 0.883000 3.101000
456 1 157 54 292 140 1.132000 0.862000
456 2 26 25 202 149 1.132000 0.862000
457 1 152 49 293 140 1.479000 -0.921000
457 2 26 24 202 155 1.479000 -0.921000
458 1 157 52 285 143 2.619000 -1.984000
458 2 27 20 203 152 2.619000 -1.984000
459 1 157 49 284 139 2.186000 -2.087000
459 2 27 21 203 162 2.186000 -2.087000
460 1 154 48 282 139 -0.353000 -1.218000
460 2 28 19 204 161 -0.353000 -1.218000
461 1 151 44 285 139 0.600000 -1.235000
461 2 29 19 204 160 0.600000 -1.235000
462 1 152 42 286 137 2.483000 -1.458000
462 2 30 18 205 167 2.483000 -1.458000
463 1 151 39 285 134 2.806000 -1.839000
463 2 26 12 210 169 2.806000 -1.839000
464 1 151 37 285 132 2.114000 -1.771000
464 2 26 10 211 167 2.114000 -1.771000
465 1 151 35 285 130 2.121000 -1.532000
465 2 46 11 198 178 2.121000 -1.532000
466 1 152 32 286 127 1.756000 -1.056000
466 2 48 9 201 177 1.756000 -1.056000
467 1 149 29 290 128 1.376000 -0.823000
467 2 49 10 201 177 1.376000 -0.823000
468 1 150 38 290 118 2.416000 -1.080000
468 2 49 10 201 178 2.416000 -1.080000
469 1 150 38 290 118 0.866000 -0.816000
469 2 52 13 208 185 0.866000 -0.816000
470 1 149 38 290 118 0.931000 0.665000
470 2 52 16 207 188 0.931000 0.665000
471 1 152 41 278 121 1.742000 2.873000
471 2 53 20 209 192 1.742000 2.873000
472 1 152 44 278 124 1.781000 3.149000
472 2 56 24 211 196 1.781000 3.149000
473 1 152 47 278 127 1.952000 2.319000
473 2 52 20 211 203 1.952000 2.319000
474 1 151 48 277 128 1.709000 0.772000
474 2 53 20 212 202 1.709000 0.772000
475 1 154 48 276 132 2.408000 -0.757000
475 2 50 20 214 202 2.408000 -0.757000
476 1 154 48 276 131 1.103000 -0.549000
476 2 50 22 214 204 1.103000 -0.549000
477 1 154 47 276 131 -0.244000 -0.840000
477 2 41 21 195 208 -0.244000 -0.840000
478 1 151 49 273 132 -2.069000 0.833000
478 2 40 23 194 210 -2.069000 0.833000
479 1 142 50 264 134 -6.831000 2.208000
479 2 34 27 188 214 -6.831000 2.208000
480 1 140 50 262 134 -1.470000 -1.861000
480 2 31 22 195 208 -1.470000 -1.861000
481 1 148 33 256 113 -0.793000 -11.030000
481 2 34 3 197 182 -0.793000 -11.030000
482 1 142 20 253 99 -4.286000 -7.731000
482 2 25 0 197 176 -4.286000 -7.731000
483 1 136 6 246 85 -2.102000 -9.985000
483 2 28 0 208 136 -2.102000 -9.985000
484 1 133 0 249 83 -0.134000 -8.435000
484 2 28 0 207 125 -0.134000 -8.435000
485 1 133 0 249 81 0.718000 -2.625000
485 2 26 0 206 122 0.718000 -2.625000
486 1 124 0 240 70 0.685000 0.471000
486 2 19 0 207 102 0.685000 0.471000
487 1 124 4 240 75 -1.543000 6.069000
487 2 18 0 206 108 -1.543000 6.069000
488 1 125 7 241 78 2.193000 1.358000
488 2 19 0 207 110 2.193000 1.358000
489 1 127 8 243 79 1.336000 1.027000
489 2 21 0 209 113 1.336000 1.027000
490 1 116 3 232 78 1.155000 1.690000
490 2 16 0 203 98 1.155000 1.690000
491 1 113 2 234 81 2.049000 -0.485000
491 2 15 0 202 101 2.049000 -0.485000
492 1 113 4 235 83 1.032000 1.951000
492 2 19 0 197 101 1.032000 1.951000
493 1 110 2 230 75 0.252000 3.348000
493 2 16 19 196 110 0.252000 3.348000
494 1 104 1 229 78 -0.317000 3.464000
494 2 13 24 194 114 -0.317000 3.464000
495 1 103 4 229 80 2.504000 0.405000
495 2 17 30 188 116 2.504000 0.405000
496 1 96 2 228 83 -0.197000 1.979000
496 2 12 31 192 122 -0.197000 1.979000
497 1 90 0 228 84 1.186000 -0.911000
497 2 10 31 190 122 1.186000 -0.911000
498 1 100 0 239 82 1.643000 -1.619000
498 2 6 28 195 123 1.643000 -1.619000
499 1 98 0 243 83 1.671000 -1.804000
499 2 4 29 194 124 1.671000 -1.804000
500 1 102 0 218 81 1.618000 -0.179000
500 2 5 29 194 124 1.618000 -0.179000
501 1 101 0 217 83 0.235000 1.434000
501 2 4 25 193 120 0.235000 1.434000
502 1 105 11 223 88 1.247000 5.343000
502 2 8 33 188 124 1.247000 5.343000
503 1 113 15 219 94 1.783000 4.046000
503 2 10 38 190 129 1.783000 4.046000
504 1 106 16 220 92 2.757000 0.778000
504 2 12 41 192 131 2.757000 0.778000
505 1 110 19 218 91 1.777000 1.278000
505 2 10 44 199 140 1.777000 1.278000
506 1 105 15 219 90 1.617000 0.497000
506 2 10 43 199 138 1.617000 0.497000
507 1 105 25 218 87 2.806000 -1.950000
507 2 9 43 198 138 2.806000 -1.950000
508 1 106 22 219 83 1.249000 -0.998000
508 2 7 53 196 148 1.249000 -0.998000
509 1 106 23 219 85 1.128000 1.549000
509 2 6 54 196 149 1.128000 1.549000
510 1 105 28 218 87 3.003000 0.775000
510 2 6 55 195 150 3.003000 0.775000
511 1 105 25 218 84 2.293000 -0.552000
511 2 6 56 195 152 2.293000 -0.552000
512 1 105 23 223 85 3.759000 -1.261000
512 2 8 53 198 148 3.759000 -1.261000
513 1 106 22 225 84 4.135000 -1.365000
513 2 11 52 200 147 4.135000 -1.365000
514 1 109 20 227 82 3.686000 -0.666000
514 2 13 52 202 147 3.686000 -0.666000
515 1 110 19 229 81 3.903000 -1.360000
515 2 15 49 204 145 3.903000 -1.360000
516 1 111 12 229 74 3.485000 -3.940000
516 2 15 44 204 139 3.485000 -3.940000
517 1 110 6 229 68 3.697000 -4.050000
517 2 13 38 211 138 3.697000 -4.050000
518 1 114 4 227 63 1.851000 -0.837000
518 2 19 37 208 132 1.851000 -0.837000
519 1 115 2 228 61 1.647000 -0.051000
519 2 20 38 209 133 1.647000 -0.051000
520 1 117 2 230 62 2.252000 0.465000
520 2 20 39 210 134 2.252000 0.465000
521 1 117 4 230 63 2.868000 0.724000
521 2 24 40 204 131 2.868000 0.724000
522 1 114 3 227 62 2.980000 -0.176000
522 2 26 40 206 131 2.980000 -0.176000
523 1 114 1 227 60 2.670000 0.722000
523 2 28 40 208 131 2.670000 0.722000
524 1 115 0 228 60 3.038000 0.762000
524 2 31 42 211 132 3.038000 0.762000
525 1 112 0 225 58 3.121000 -0.672000
525 2 32 40 212 131 3.121000 -0.672000
526 1 114 0 227 54 4.635000 -2.247000
526 2 34 36 214 127 4.635000 -2.247000
527 1 117 0 230 48 5.975000 -4.812000
527 2 34 30 224 125 5.975000 -4.812000
528 1 115 0 228 45 6.666000 0.566000
528 2 37 27 226 122 6.666000 0.566000
529 1 124 0 232 46 8.158000 0.431000
529 2 41 30 230 125 8.158000 0.431000
530 1 130 0 237 44 10.429000 -0.210000
530 2 49 30 238 126 10.429000 -0.210000
531 1 137 0 244 44 8.821000 1.008000
531 2 47 29 246 129 8.821000 1.008000
532 1 137 0 244 47 4.353000 6.036000
532 2 51 35 250 135 4.353000 6.036000
533 1 134 0 247 55 2.664000 9.812000
533 2 54 43 253 143 2.664000 9.812000
534 1 136 0 249 58 5.032000 1.420000
534 2 63 51 252 146 5.032000 1.420000
535 1 140 0 252 59 5.200000 0.838000
535 2 64 52 254 147 5.200000 0.838000
536 1 142 2 255 62 1.279000 2.153000
536 2 63 54 252 149 1.279000 2.153000
537 1 143 0 256 58 2.565000 0.288000
537 2 64 55 253 151 2.565000 0.288000
538 1 144 0 257 57 2.009000 0.919000
538 2 70 60 250 150 2.009000 0.919000
539 1 144 0 257 58 -0.716000 2.104000
539 2 71 60 251 151 -0.716000 2.104000
540 1 138 0 251 57 -2.625000 1.174000
540 2 68 64 248 154 -2.625000 1.174000
541 1 139 0 252 57 -0.198000 -0.944000
541 2 66 62 246 153 -0.198000 -0.944000
542 1 136 0 249 56 -2.231000 -0.789000
542 2 62 60 242 151 -2.231000 -0.789000
543 1 136 0 249 52 1.498000 -3.784000
543 2 63 44 241 145 1.498000 -3.784000
544 1 136 0 249 46 2.409000 -5.405000
544 2 63 40 242 141 2.409000 -5.405000
545 1 137 0 250 45 0.988000 1.214000
545 2 59 35 246 141 0.988000 1.214000
546 1 134 0 247 45 -1.313000 2.654000
546 2 58 38 246 144 -1.313000 2.654000
547 1 132 0 240 45 1.000000 3.250000
547 2 61 43 240 144 1.000000 3.250000
548 1 126 0 238 47 1.573000 2.824000
548 2 61 47 240 148 1.573000 2.824000
549 1 125 0 238 49 0.556000 4.505000
549 2 61 52 240 153 0.556000 4.505000
550 1 120 0 236 64 1.315000 2.816000
550 2 59 55 243 156 1.315000 2.816000
551 1 116 0 237 67 1.713000 1.654000
551 2 58 54 247 162 1.713000 1.654000
552 1 112 0 239 70 -0.123000 3.052000
552 2 57 57 246 165 -0.123000 3.052000
553 1 107 0 237 63 0.802000 1.203000
553 2 56 59 245 167 0.802000 1.203000
554 1 105 0 241 65 3.474000 -0.876000
554 2 58 68 238 170 3.474000 -0.876000
555 1 104 1 240 57 0.409000 2.438000
555 2 58 68 238 171 0.409000 2.438000
556 1 100 6 238 64 -1.657000 6.387000
556 2 56 75 236 188 -1.657000 6.387000
557 1 100 7 238 66 1.044000 0.546000
557 2 56 77 236 190 1.044000 0.546000
558 1 100 4 238 63 1.972000 -1.276000
558 2 57 78 236 195 1.972000 -1.276000
559 1 111 2 240 58 1.337000 -4.029000
559 2 54 74 246 191 1.337000 -4.029000
560 1 113 0 243 54 2.009000 -4.389000
560 2 54 71 246 188 2.009000 -4.389000
561 1 116 0 240 49 0.842000 -1.590000
561 2 55 70 248 187 0.842000 -1.590000
562 1 107 0 243 55 0.407000 -0.821000
562 2 55 69 248 186 0.407000 -0.821000
563 1 111 0 241 51 0.652000 -2.219000
563 2 55 67 248 184 0.652000 -2.219000
564 1 108 0 244 50 -0.951000 -1.547000
564 2 54 64 247 181 -0.951000 -1.547000
565 1 103 0 246 46 0.457000 -5.610000
565 2 54 58 247 175 0.457000 -5.610000
566 1 106 0 242 40 1.031000 -5.621000
566 2 49 50 233 165 1.031000 -5.621000
567 1 106 0 243 41 -0.156000 -0.537000
567 2 50 48 233 163 -0.156000 -0.537000
568 1 100 0 236 42 -0.189000 0.036000
568 2 48 50 232 165 -0.189000 0.036000
569 1 93 0 236 44 1.209000 0.271000
569 2 43 47 236 167 1.209000 0.271000
570 1 97 0 234 41 0.971000 -1.055000
570 2 44 46 237 167 0.971000 -1.055000
571 1 95 0 238 41 3.747000 -0.327000
571 2 44 48 237 168 3.747000 -0.327000
572 1 86 0 233 28 4.651000 0.061000
572 2 46 47 246 159 4.651000 0.061000
573 1 87 0 233 28 2.669000 1.739000
573 2 50 52 241 158 2.669000 1.739000
574 1 102 0 231 40 2.522000 4.816000
574 2 52 56 254 168 2.522000 4.816000
575 1 108 0 231 49 2.632000 4.975000
575 2 52 60 254 172 2.632000 4.975000
576 1 110 0 230 58 1.900000 5.646000
576 2 55 67 256 186 1.900000 5.646000
577 1 112 6 230 70 0.609000 6.795000
577 2 56 73 258 192 0.609000 6.795000
578 1 112 12 230 76 0.151000 6.631000
578 2 57 80 258 199 0.151000 6.631000
579 1 112 22 223 90 -2.136000 7.092000
579 2 55 95 248 214 -2.136000 7.092000
580 1 110 22 222 90 -1.193000 0.936000
580 2 55 95 247 214 -1.193000 0.936000
581 1 102 4 219 76 1.232000 -10.004000
581 2 55 83 247 202 1.232000 -10.004000
582 1 98 0 221 64 0.761000 -11.297000
582 2 50 62 246 191 0.761000 -11.297000
583 1 101 0 218 55 1.424000 -10.376000
583 2 49 50 245 179 1.424000 -10.376000
584 1 134 0 221 37 2.151000 -6.656000
584 2 49 40 246 169 2.151000 -6.656000
585 1 138 0 231 35 1.509000 -0.447000
585 2 45 35 257 166 1.509000 -0.447000
586 1 140 0 239 37 2.696000 1.069000
586 2 44 35 256 166 2.696000 1.069000
587 1 135 0 240 41 2.084000 3.056000
587 2 44 38 256 169 2.084000 3.056000
588 1 84 0 239 48 1.792000 6.172000
588 2 46 46 258 176 1.792000 6.172000
589 1 81 0 236 49 3.151000 1.255000
589 2 49 48 261 178 3.151000 1.255000
590 1 79 0 234 54 0.967000 2.987000
590 2 51 53 263 183 0.967000 2.987000
591 1 89 0 235 56 0.756000 2.730000
591 2 54 57 266 187 0.756000 2.730000
592 1 96 0 236 57 2.414000 -0.338000
592 2 57 60 247 199 2.414000 -0.338000
593 1 108 0 236 56 2.791000 0.074000
593 2 59 59 249 198 2.791000 0.074000
594 1 109 0 238 55 2.763000 0.432000
594 2 61 60 251 198 2.763000 0.432000
595 1 109 0 238 54 3.739000 -1.359000
595 2 64 58 262 201 3.739000 -1.359000
596 1 114 0 236 50 3.149000 -1.342000
596 2 66 57 264 200 3.149000 -1.342000
597 1 123 0 240 45 2.936000 -2.254000
597 2 68 55 282 199 2.936000 -2.254000
598 1 125 0 242 38 2.453000 -5.399000
598 2 70 49 285 193 2.453000 -5.399000
599 1 126 0 243 28 1.762000 -4.896000
599 2 72 43 287 186 1.762000 -4.896000
600 1 132 0 242 24 2.473000 -5.622000
600 2 75 36 290 179 2.473000 -5.622000
601 1 73 22 294 179 2.331000 -3.237000
601 2 150 0 214 18 2.331000 -3.237000
602 1 74 23 294 180 1.862000 1.007000
602 2 149 0 212 19 1.862000 1.007000
603 1 76 26 296 182 1.820000 1.812000
603 2 148 0 211 20 1.820000 1.812000
604 1 74 36 294 192 0.323000 9.742000
604 2 131 0 216 35 0.323000 9.742000
605 1 69 50 300 214 -2.189000 13.848000
605 2 114 0 233 52 -2.189000 13.848000
606 1 68 62 299 226 -1.423000 6.508000
606 2 108 0 230 66 -1.423000 6.508000
607 1 72 71 292 227 -0.745000 3.499000
607 2 103 0 224 70 -0.745000 3.499000
608 1 72 74 292 231 -0.462000 1.517000
608 2 100 0 221 72 -0.462000 1.517000
609 1 72 78 292 235 -1.073000 2.794000
609 2 95 0 227 73 -1.073000 2.794000
610 1 70 80 290 236 0.022000 1.635000
610 2 88 0 230 76 0.022000 1.635000
611 1 76 85 286 234 0.554000 0.794000
611 2 83 2 228 79 0.554000 0.794000
612 1 78 84 287 233 0.613000 0.586000
612 2 78 4 229 82 0.613000 0.586000
613 1 71 83 281 223 1.871000 -0.939000
613 2 78 5 230 83 1.871000 -0.939000
614 1 72 83 282 223 1.477000 -0.699000
614 2 76 1 228 79 1.477000 -0.699000
615 1 73 84 283 224 0.013000 1.068000
615 2 87 8 229 79 0.013000 1.068000
616 1 74 84 283 224 0.307000 0.754000
616 2 90 10 226 77 0.307000 0.754000
617 1 72 84 282 224 -1.030000 0.814000
617 2 85 9 227 79 -1.030000 0.814000
618 1 73 86 282 226 -1.405000 0.241000
618 2 92 10 217 83 -1.405000 0.241000
619 1 68 80 288 227 -0.653000 -3.368000
619 2 91 8 216 80 -0.653000 -3.368000
620 1 65 73 285 220 -0.679000 -5.314000
620 2 90 0 215 71 -0.679000 -5.314000
621 1 61 68 281 215 0.883000 -4.287000
621 2 92 0 211 64 0.883000 -4.287000
622 1 63 69 273 209 -0.351000 0.214000
622 2 90 0 209 63 -0.351000 0.214000
623 1 65 64 274 215 -0.932000 1.899000
623 2 85 0 199 65 -0.932000 1.899000
624 1 63 66 272 217 -0.458000 2.801000
624 2 84 1 199 73 -0.458000 2.801000
625 1 54 67 274 225 -2.442000 5.892000
625 2 83 8 198 80 -2.442000 5.892000
626 1 52 69 272 228 -2.043000 1.156000
626 2 80 8 195 82 -2.043000 1.156000
627 1 51 69 251 218 -3.666000 -0.399000
627 2 75 7 198 81 -3.666000 -0.399000
628 1 49 69 249 218 -3.786000 0.502000
628 2 68 5 200 83 -3.786000 0.502000
629 1 43 64 243 222 -2.443000 0.582000
629 2 56 4 201 84 -2.443000 0.582000
630 1 40 64 240 222 -3.007000 -0.596000
630 2 51 1 203 85 -3.007000 -0.596000
631 1 33 55 243 221 -1.656000 -4.437000
631 2 50 0 196 86 -1.656000 -4.437000
632 1 32 48 241 214 0.178000 -5.435000
632 2 54 0 195 80 0.178000 -5.435000
633 1 35 39 235 197 0.890000 -3.498000
633 2 55 0 196 77 0.890000 -3.498000
634 1 38 31 238 189 2.127000 -4.532000
634 2 57 0 198 71 2.127000 -4.532000
635 1 38 28 238 187 1.908000 -0.128000
635 2 76 0 202 72 1.908000 -0.128000
636 1 39 28 239 186 0.679000 1.371000
636 2 79 0 198 84 0.679000 1.371000
637 1 43 26 243 184 1.869000 0.717000
637 2 80 0 199 83 1.869000 0.717000
638 1 46 33 246 192 1.960000 4.696000
638 2 88 0 200 87 1.960000 4.696000
639 1 50 37 224 195 1.984000 4.219000
639 2 89 0 200 92 1.984000 4.219000
640 1 53 38 240 196 3.128000 1.836000
640 2 93 0 198 80 3.128000 1.836000
641 1 53 42 248 193 2.636000 3.267000
641 2 91 0 202 74 2.636000 3.267000
642 1 51 39 255 198 3.151000 1.849000
642 2 89 2 206 79 3.151000 1.849000
643 1 52 40 257 199 2.885000 1.991000
643 2 90 3 206 72 2.885000 1.991000
644 1 45 51 259 199 1.735000 4.927000
644 2 90 8 206 77 1.735000 4.927000
645 1 45 54 259 202 1.003000 4.536000
645 2 90 13 206 83 1.003000 4.536000
646 1 36 58 250 217 0.614000 4.056000
646 2 92 20 203 86 0.614000 4.056000
647 1 38 59 252 218 0.589000 3.073000
647 2 92 24 203 90 0.589000 3.073000
648 1 34 54 250 234 0.580000 2.368000
648 2 94 27 199 90 0.580000 2.368000
649 1 34 56 251 236 0.103000 1.934000
649 2 92 28 202 94 0.103000 1.934000
650 1 33 54 250 234 0.160000 0.785000
650 2 91 29 202 96 0.160000 0.785000
651 1 43 45 260 225 1.033000 -1.617000
651 2 88 27 205 96 1.033000 -1.617000
652 1 43 39 260 219 1.543000 -5.701000
652 2 90 23 206 93 1.543000 -5.701000
653 1 42 25 255 196 0.765000 -4.669000
653 2 93 22 204 89 0.765000 -4.669000
654 1 42 18 255 189 0.470000 -5.810000
654 2 91 15 208 84 0.470000 -5.810000
655 1 39 2 244 172 0.992000 -6.366000
655 2 91 0 204 63 0.992000 -6.366000
656 1 41 0 247 169 1.250000 -2.965000
656 2 91 0 204 59 1.250000 -2.965000
657 1 40 0 246 169 -0.281000 -0.303000
657 2 90 0 203 60 -0.281000 -0.303000
658 1 48 0 237 160 -1.688000 0.559000
658 2 88 0 201 60 -1.688000 0.559000
659 1 46 0 234 161 -1.709000 0.756000
659 2 94 0 185 56 -1.709000 0.756000
660 1 43 0 232 158 -3.038000 -0.412000
660 2 94 1 185 56 -3.038000 -0.412000
661 1 36 0 224 159 -0.388000 -1.051000
661 2 93 4 202 60 -0.388000 -1.051000
662 1 39 0 218 153 -0.621000 0.414000
662 2 93 4 202 60 -0.621000 0.414000
663 1 34 0 217 162 -1.463000 2.372000
663 2 106 6 202 61 -1.463000 2.372000
664 1 33 0 216 162 -0.421000 2.614000
664 2 96 3 207 67 -0.421000 2.614000
665 1 31 0 214 168 0.310000 2.146000
665 2 96 5 206 69 0.310000 2.146000
666 1 30 0 214 166 1.479000 0.167000
666 2 96 5 206 69 1.479000 0.167000
667 1 31 0 214 164 2.152000 -0.876000
667 2 102 3 205 67 2.152000 -0.876000
668 1 30 0 213 163 1.552000 -1.061000
668 2 100 0 208 66 1.552000 -1.061000
669 1 30 0 213 161 0.791000 0.122000
669 2 115 0 210 66 0.791000 0.122000
670 1 30 0 213 162 1.733000 1.676000
670 2 116 1 210 67 1.733000 1.676000
671 1 45 0 212 162 1.309000 6.732000
671 2 116 8 210 75 1.309000 6.732000
672 1 43 6 210 171 0.197000 8.845000
672 2 121 34 203 95 0.197000 8.845000
673 1 43 8 210 174 0.682000 2.273000
673 2 122 36 204 97 0.682000 2.273000
674 1 43 7 210 172 0.657000 -0.906000
674 2 123 36 205 97 0.657000 -0.906000
675 1 35 6 201 171 1.982000 -4.980000
675 2 124 30 206 92 1.982000 -4.980000
676 1 36 0 203 166 2.633000 -4.694000
676 2 92 23 208 97 2.633000 -4.694000
677 1 34 1 199 170 2.219000 1.693000
677 2 94 25 210 98 2.219000 1.693000
678 1 35 6 200 176 1.999000 5.021000
678 2 96 30 202 104 1.999000 5.021000
679 1 31 19 200 189 1.734000 7.538000
679 2 94 41 199 115 1.734000 7.538000
680 1 32 24 202 195 0.844000 6.923000
680 2 94 49 199 122 0.844000 6.923000
681 1 18 25 206 196 0.053000 1.800000
681 2 94 50 207 124 0.053000 1.800000
682 1 11 22 218 201 -1.715000 0.570000
682 2 90 45 210 122 -1.715000 0.570000
683 1 0 19 229 215 -2.102000 -2.373000
683 2 87 57 197 124 -2.102000 -2.373000
684 1 0 10 228 230 -2.120000 -5.300000
684 2 83 50 193 117 -2.120000 -5.300000
685 1 0 7 225 233 -1.995000 -0.630000
685 2 79 48 189 114 -1.995000 -0.630000
686 1 0 4 229 240 -1.320000 1.432000
686 2 76 55 189 115 -1.320000 1.432000
687 1 0 5 230 240 -0.156000 -0.738000
687 2 74 56 187 116 -0.156000 -0.738000
688 1 0 12 231 202 0.607000 -4.249000
688 2 70 54 182 119 0.607000 -4.249000
689 1 0 14 230 204 0.547000 -0.660000
689 2 67 55 180 120 0.547000 -0.660000
690 1 0 16 227 206 1.280000 0.914000
690 2 65 57 178 122 1.280000 0.914000
691 1 0 22 226 182 0.693000 0.886000
691 2 63 53 180 126 0.693000 0.886000
692 1 0 22 226 183 -0.048000 0.638000
692 2 62 53 179 125 -0.048000 0.638000
693 1 4 29 220 182 0.022000 1.370000
693 2 61 56 178 128 0.022000 1.370000
694 1 2 31 218 184 -0.220000 3.377000
694 2 58 65 170 131 -0.220000 3.377000
695 1 8 32 213 182 1.851000 0.894000
695 2 58 65 170 131 1.851000 0.894000
696 1 10 34 214 183 1.550000 0.871000
696 2 61 66 170 135 1.550000 0.871000
697 1 29 34 214 192 1.868000 -0.424000
697 2 61 65 171 135 1.868000 -0.424000
698 1 30 33 211 199 2.221000 -0.954000
698 2 61 64 170 134 2.221000 -0.954000
699 1 34 29 215 195 3.646000 -2.812000
699 2 63 61 172 131 3.646000 -2.812000
700 1 39 27 229 189 6.910000 -1.522000
700 2 71 62 180 132 6.910000 -1.522000
701 1 46 28 237 178 6.731000 1.094000
701 2 76 59 184 133 6.731000 1.094000
702 1 50 31 240 180 4.665000 1.175000
702 2 81 61 188 134 4.665000 1.175000
703 1 53 31 244 180 5.462000 1.050000
703 2 87 62 194 136 5.462000 1.050000
704 1 64 38 238 186 5.130000 1.008000
704 2 92 64 193 137 5.130000 1.008000
705 1 67 39 241 187 3.874000 0.485000
705 2 94 66 195 140 3.874000 0.485000
706 1 69 46 237 194 4.827000 -0.709000
706 2 100 66 194 140 4.827000 -0.709000
707 1 69 44 239 196 3.677000 -0.457000
707 2 103 66 198 140 3.677000 -0.457000
708 1 62 44 241 195 2.777000 0.785000
708 2 108 69 202 142 2.777000 0.785000
709 1 53 54 232 205 1.135000 0.480000
709 2 104 66 200 140 1.135000 0.480000
710 1 45 55 230 193 0.764000 0.453000
710 2 106 69 201 142 0.764000 0.453000
711 1 37 61 234 191 1.954000 -0.484000
711 2 108 70 203 138 1.954000 -0.484000
712 1 30 60 244 185 2.694000 -1.510000
712 2 111 70 201 138 2.694000 -1.510000
713 1 32 59 257 184 2.492000 -0.992000
713 2 112 71 201 139 2.492000 -0.992000
714 1 32 58 279 180 1.325000 0.853000
714 2 106 67 201 137 1.325000 0.853000
715 1 31 68 302 181 0.909000 0.784000
715 2 104 69 199 139 0.909000 0.784000
716 1 31 71 312 184 0.492000 -0.633000
716 2 146 69 199 107 0.492000 -0.633000
717 1 30 79 313 186 -1.794000 -1.899000
717 2 143 67 196 105 -1.794000 -1.899000
718 1 28 78 311 185 -0.795000 -5.957000
718 2 102 56 190 104 -0.795000 -5.957000
719 1 26 74 309 182 -0.067000 -2.812000
719 2 98 52 191 102 -0.067000 -2.812000
720 1 20 60 307 174 0.860000 -0.166000
720 2 96 49 193 102 0.860000 -0.166000
721 1 17 62 305 176 -0.375000 1.114000
721 2 97 50 189 101 -0.375000 1.114000
722 1 14 49 288 175 0.573000 0.780000
722 2 96 55 188 111 0.573000 0.780000
723 1 12 50 286 176 0.003000 0.232000
723 2 96 55 188 111 0.003000 0.232000
724 1 12 50 286 176 0.286000 0.264000
724 2 88 57 185 116 0.286000 0.264000
725 1 9 55 284 174 0.012000 0.349000
725 2 73 64 182 117 0.012000 0.349000
726 1 9 53 284 172 0.389000 -1.058000
726 2 72 62 183 113 0.389000 -1.058000
727 1 8 55 288 172 0.805000 -1.823000
727 2 72 57 185 112 0.805000 -1.823000
728 1 10 48 292 167 0.610000 -1.539000
728 2 72 56 185 111 0.610000 -1.539000
729 1 10 45 291 164 1.481000 -1.801000
729 2 68 54 181 110 1.481000 -1.801000
730 1 11 40 293 159 2.349000 -3.692000
730 2 67 50 186 108 2.349000 -3.692000
731 1 15 47 288 156 2.575000 -2.273000
731 2 68 48 179 107 2.575000 -2.273000
732 1 18 45 284 156 3.338000 -0.986000
732 2 70 48 180 107 3.338000 -0.986000
733 1 18 42 291 158 2.581000 0.669000
733 2 72 47 182 106 2.581000 0.669000
734 1 17 46 291 162 1.162000 1.888000
734 2 73 49 184 108 1.162000 1.888000
735 1 18 44 291 160 1.172000 -1.050000
735 2 74 45 185 104 1.172000 -1.050000
736 1 22 50 285 168 1.242000 -1.312000
736 2 75 44 186 103 1.242000 -1.312000
737 1 23 49 286 166 0.835000 -1.380000
737 2 70 38 185 101 0.835000 -1.380000
738 1 21 48 294 166 0.775000 -3.246000
738 2 71 34 186 97 0.775000 -3.246000
739 1 22 42 295 165 1.536000 -2.769000
739 2 71 30 186 93 1.536000 -2.769000
740 1 23 42 295 166 2.691000 -1.205000
740 2 70 25 185 88 2.691000 -1.205000
741 1 24 56 294 163 1.609000 1.822000
741 2 72 24 181 84 1.609000 1.822000
742 1 26 64 295 170 3.051000 5.678000
742 2 75 30 184 90 3.051000 5.678000
743 1 41 58 294 177 3.125000 1.454000
743 2 77 32 181 89 3.125000 1.454000
744 1 45 58 295 181 4.455000 2.419000
744 2 82 33 186 90 4.455000 2.419000
745 1 52 60 295 183 3.550000 2.754000
745 2 82 34 195 99 3.550000 2.754000
746 1 60 66 294 181 3.077000 1.568000
746 2 84 36 197 100 3.077000 1.568000
747 1 63 76 292 188 3.880000 -0.123000
747 2 81 39 195 106 3.880000 -0.123000
748 1 62 83 291 195 3.503000 -0.656000
748 2 83 38 197 106 3.503000 -0.656000
749 1 70 86 290 205 2.454000 0.172000
749 2 79 39 198 100 2.454000 0.172000
750 1 70 84 282 210 1.744000 0.137000
750 2 78 38 197 98 1.744000 0.137000
751 1 69 83 281 222 2.131000 -0.525000
751 2 78 37 197 97 2.131000 -0.525000
752 1 80 83 282 231 2.940000 -0.921000
752 2 73 37 198 98 2.940000 -0.921000
753 1 83 82 274 235 2.288000 0.374000
753 2 74 36 198 98 2.288000 0.374000
754 1 87 88 268 240 2.288000 0.617000
754 2 72 34 199 90 2.288000 0.617000
755 1 88 89 268 240 2.617000 -0.524000
755 2 72 33 199 88 2.617000 -0.524000
756 1 88 90 268 240 2.330000 -0.665000
756 2 73 32 200 88 2.330000 -0.665000
757 1 97 93 262 240 1.026000 -0.304000
757 2 64 34 198 93 1.026000 -0.304000
758 1 97 92 262 240 1.272000 -1.106000
758 2 64 32 198 91 1.272000 -1.106000
759 1 94 88 266 240 1.874000 -1.224000
759 2 58 32 198 89 1.874000 -1.224000
760 1 106 89 271 240 2.186000 0.906000
760 2 62 34 195 88 2.186000 0.906000
761 1 107 92 277 240 3.241000 0.874000
761 2 54 37 199 90 3.241000 0.874000
762 1 113 90 283 240 4.247000 0.857000
762 2 56 36 201 89 4.247000 0.857000
763 1 118 92 288 240 3.738000 0.798000
763 2 54 34 206 90 3.738000 0.798000
764 1 127 92 296 240 2.829000 1.543000
764 2 54 35 206 91 2.829000 1.543000
765 1 135 96 304 240 2.492000 2.713000
765 2 52 36 204 92 2.492000 2.713000
766 1 136 96 306 240 3.448000 -0.330000
766 2 75 39 205 91 3.448000 -0.330000
767 1 144 96 313 240 3.527000 -1.027000
767 2 76 36 212 91 3.527000 -1.027000
768 1 153 94 315 240 3.504000 -0.527000
768 2 76 35 212 90 3.504000 -0.527000
769 1 155 95 317 240 2.394000 0.093000
769 2 73 37 210 92 2.394000 0.093000
770 1 158 94 319 240 2.938000 -1.537000
770 2 74 39 205 96 2.938000 -1.537000
771 1 172 90 318 240 2.764000 -2.140000
771 2 77 39 202 93 2.764000 -2.140000
772 1 175 89 320 240 2.890000 -1.006000
772 2 73 36 203 89 2.890000 -1.006000
773 1 186 87 312 240 2.773000 -1.036000
773 2 72 35 202 88 2.773000 -1.036000
774 1 190 87 316 240 2.208000 -1.048000
774 2 74 32 198 89 2.208000 -1.048000
775 1 195 84 286 240 1.799000 -0.921000
775 2 73 31 198 88 1.799000 -0.921000
776 1 198 82 290 240 2.198000 -2.092000
776 2 74 29 192 85 2.198000 -2.092000
777 1 202 82 293 240 2.049000 -1.121000
777 2 77 30 189 84 2.049000 -1.121000
778 1 206 80 297 239 2.014000 -0.831000
778 2 77 30 188 83 2.014000 -0.831000
779 1 210 81 301 240 2.954000 -0.666000
779 2 77 30 188 83 2.954000 -0.666000
780 1 217 83 308 240 4.680000 0.175000
780 2 71 29 190 90 4.680000 0.175000
781 1 220 83 311 240 3.055000 -0.847000
781 2 66 28 195 94 3.055000 -0.847000
782 1 222 84 313 240 2.306000 1.016000
782 2 63 27 200 96 2.306000 1.016000
783 1 226 86 316 240 1.974000 0.917000
783 2 58 27 202 99 1.974000 0.917000
784 1 229 87 320 240 2.453000 0.749000
784 2 66 27 204 100 2.453000 0.749000
785 1 224 88 320 240 2.138000 1.086000
785 2 69 31 200 100 2.138000 1.086000
786 1 224 90 320 240 2.995000 0.487000
786 2 80 29 199 101 2.995000 0.487000
787 1 220 92 320 240 3.889000 0.896000
787 2 85 29 199 114 3.889000 0.896000
788 1 219 93 320 240 4.224000 0.924000
788 2 84 28 198 114 4.224000 0.924000
789 1 217 94 320 240 3.996000 0.871000
789 2 93 28 199 121 3.996000 0.871000
790 1 216 96 320 240 4.414000 0.856000
790 2 92 26 198 119 4.414000 0.856000
791 1 221 97 320 240 3.264000 0.970000
791 2 90 22 201 120 3.264000 0.970000
792 1 217 110 320 240 2.283000 0.878000
792 2 91 27 196 100 2.283000 0.878000
793 1 220 109 320 240 1.443000 -0.132000
793 2 90 27 195 100 1.443000 -0.132000
794 1 222 108 320 240 -0.240000 -0.556000
794 2 88 26 193 99 -0.240000 -0.556000
795 1 224 133 320 240 -1.298000 -0.542000
795 2 79 23 189 97 -1.298000 -0.542000
796 1 225 133 320 240 -1.799000 -0.719000
796 2 76 23 186 97 -1.799000 -0.719000
797 1 232 143 320 240 -0.477000 -0.722000
797 2 71 23 181 96 -0.477000 -0.722000
798 1 234 142 320 240 -0.282000 0.828000
798 2 70 25 180 98 -0.282000 0.828000
799 1 243 142 320 240 0.088000 0.776000
799 2 67 27 177 101 0.088000 0.776000
800 1 253 147 320 240 2.131000 0.936000
800 2 67 28 177 101 2.131000 0.936000
801 1 66 37 176 110 1.079000 6.575000
801 2 258 146 320 240 1.079000 6.575000
802 1 61 40 174 112 0.379000 4.977000
802 2 261 151 320 240 0.379000 4.977000
803 1 60 42 172 121 0.911000 0.653000
803 2 265 152 320 240 0.911000 0.653000
804 1 59 41 172 120 2.172000 -1.779000
804 2 270 150 320 240 2.172000 -1.779000
805 1 58 36 172 116 3.312000 -5.935000
805 2 292 143 320 240 3.312000 -5.935000
806 1 61 35 166 120 2.928000 -3.766000
806 2 293 139 320 238 2.928000 -3.766000
807 1 63 31 167 117 3.688000 -3.635000
807 2 294 135 320 234 3.688000 -3.635000
808 1 61 30 172 115 5.328000 -1.891000
809 1 60 30 178 112 6.354000 -0.082000
810 1 55 27 182 109 6.292000 0.910000
811 1 56 27 190 113 5.407000 1.460000
812 1 59 30 200 113 6.012000 2.463000
813 1 58 45 216 122 3.485000 7.049000
814 1 61 52 233 128 3.474000 6.062000
815 1 65 57 236 135 3.513000 4.586000
816 1 64 59 243 141 2.327000 5.932000
817 1 70 65 240 142 1.684000 1.809000
818 1 93 65 234 143 2.841000 -2.197000
819 1 100 60 241 137 1.999000 -4.406000
820 1 100 54 242 131 3.419000 -4.706000
821 1 103 54 244 132 1.544000 1.331000
822 1 100 62 241 140 1.194000 3.643000
823 1 109 64 239 141 2.420000 0.192000
824 1 107 63 241 141 2.814000 -1.382000
825 1 110 58 244 135 3.180000 -4.725000
826 1 111 58 245 135 2.926000 0.777000
827 1 112 61 246 138 2.571000 1.062000
828 1 113 62 247 139 2.886000 1.406000
829 1 110 60 251 142 2.678000 1.371000
830 1 110 59 257 144 3.185000 -0.538000
831 1 116 65 252 143 4.213000 0.588000
832 1 120 67 253 145 4.017000 2.052000
833 1 122 64 258 147 3.625000 1.537000
834 1 122 64 257 147 2.957000 0.222000
835 1 124 61 260 145 2.546000 -1.392000
836 1 122 55 264 143 2.927000 -3.784000
837 1 125 62 265 139 3.056000 -0.857000
838 1 123 62 263 139 2.931000 0.935000
839 1 127 64 266 141 2.613000 1.603000
840 1 130 66 270 143 3.059000 1.710000
841 1 132 66 271 143 2.140000 -0.710000
842 1 129 61 276 142 3.399000 -1.418000
843 1 126 56 280 141 2.518000 -2.983000
844 1 128 50 282 135 2.772000 -5.440000
845 1 127 47 281 132 0.857000 -0.541000
846 1 125 48 279 133 1.147000 0.926000
847 1 127 48 273 129 -0.663000 -0.405000
848 1 127 49 274 130 0.722000 0.624000
849 1 128 47 275 128 1.144000 -1.073000
850 1 126 43 273 124 2.062000 -3.667000
851 1 130 41 269 118 2.575000 -2.200000
852 1 136 44 269 118 3.231000 0.533000
853 1 133 44 273 121 2.909000 0.633000
854 1 129 40 276 121 2.381000 -0.838000
855 1 130 34 277 114 3.510000 -3.035000
856 1 134 31 280 111 3.459000 -1.356000
857 1 139 32 279 109 4.920000 -0.392000
858 1 136 37 283 118 1.349000 6.992000
859 1 132 44 286 129 0.973000 9.371000
860 1 134 49 288 134 2.604000 0.720000
861 1 134 52 288 137 0.821000 1.446000
862 1 135 51 282 132 0.492000 1.054000
863 1 135 51 282 131 0.507000 1.200000
864 1 131 51 277 132 -0.266000 1.363000
865 1 126 48 280 133 -1.469000 0.985000
866 1 122 48 276 133 -2.107000 0.821000
867 1 122 48 276 133 -0.237000 -1.301000
868 1 118 45 272 130 -0.061000 -1.811000
869 1 119 48 266 129 -3.113000 1.090000
870 1 114 46 268 131 -1.300000 -0.939000
871 1 110 46 264 131 -0.086000 -1.484000
872 1 109 41 263 126 -1.749000 -1.370000
873 1 102 31 264 120 0.257000 -5.702000
874 1 101 23 263 112 1.194000 -4.957000
875 1 100 20 261 109 1.237000 -1.251000
876 1 99 19 261 108 0.634000 0.317000
877 1 101 22 255 107 0.690000 1.155000
878 1 101 23 255 108 1.624000 1.099000
879 1 101 27 248 107 1.208000 1.907000
880 1 100 29 247 110 0.921000 1.872000
881 1 94 26 248 111 1.150000 0.658000
882 1 92 23 246 108 0.376000 0.617000
883 1 89 23 243 108 0.760000 -1.007000
884 1 87 20 241 104 1.806000 -1.630000
885 1 84 19 238 104 0.748000 -0.336000
886 1 80 17 241 106 0.351000 1.725000
887 1 74 22 236 112 -3.600000 6.857000
888 1 66 25 228 114 -1.591000 -1.136000
889 1 66 17 228 106 -1.211000 -6.401000
890 1 62 9 224 98 -1.200000 -4.923000
891 1 54 20 204 93 -6.647000 -0.978000
892 1 45 17 195 89 -5.033000 -1.551000
893 1 43 9 193 82 -0.943000 -6.552000
894 1 39 0 189 70 -2.082000 -4.364000
895 1 38 0 188 65 -1.640000 -5.586000
896 1 34 0 184 56 -0.261000 -7.804000
897 1 36 0 159 42 -0.136000 -5.824000
898 1 36 0 160 39 0.913000 -2.883000
899 1 38 0 162 36 0.931000 -3.079000
900 1 42 0 160 24 1.265000 -2.727000
901 1 39 0 157 22 0.902000 -0.744000
904 1 35 0 181 30 0.000000 0.000000
905 1 34 0 183 38 1.269000 7.352000
906 1 32 0 184 46 1.550000 5.811000
907 1 32 0 183 46 3.479000 0.225000
908 1 25 0 184 43 3.450000 -0.431000
909 1 19 0 184 47 1.963000 1.502000
910 1 14 0 186 50 2.759000 2.989000
911 1 9 0 183 48 3.349000 0.713000
912 1 10 0 192 48 2.938000 -1.009000
913 1 10 0 192 45 2.230000 -3.753000
914 1 10 0 192 44 1.088000 -2.358000
915 1 10 0 191 43 -0.057000 0.783000
916 1 12 0 186 41 0.111000 1.040000
917 1 14 0 186 50 0.572000 4.228000
918 1 14 0 187 51 2.170000 1.079000
919 1 38 0 194 58 2.815000 1.244000
920 1 40 0 180 69 2.360000 4.602000
921 1 41 0 182 71 3.350000 3.562000
922 1 59 0 183 80 8.085000 1.200000
923 1 63 0 187 83 6.148000 1.483000
924 1 66 0 190 87 4.009000 2.265000
925 1 66 0 190 91 3.276000 2.015000
926 1 62 4 190 96 3.416000 1.298000
927 1 60 3 194 100 4.035000 -0.241000
928 1 53 5 196 107 2.987000 1.112000
929 1 47 8 198 112 2.607000 1.808000
930 1 44 19 201 119 1.537000 1.720000
931 1 48 20 205 119 3.908000 -0.710000
932 1 50 19 208 118 4.393000 0.165000
933 1 60 21 217 121 3.420000 1.009000
934 1 60 22 217 121 3.393000 0.721000
935 1 78 23 217 119 3.523000 -1.314000
936 1 79 20 218 115 2.449000 -3.484000
937 1 79 18 218 113 1.420000 -1.445000
938 1 82 17 221 112 1.606000 -2.465000
939 1 99 6 221 93 2.035000 -5.362000
940 1 98 6 220 93 1.333000 -1.176000
941 1 99 8 218 97 0.960000 -0.442000
942 1 98 8 216 97 0.409000 0.679000
943 1 95 7 208 108 -0.503000 -0.347000
944 1 93 4 211 114 0.245000 -1.188000
945 1 92 2 210 112 1.212000 -3.800000
946 1 97 0 205 120 0.988000 -1.432000
947 1 98 0 204 124 1.673000 -0.391000
948 1 99 0 202 132 2.725000 1.104000
949 1 105 1 204 145 2.491000 3.819000
950 1 107 5 206 156 2.763000 4.999000
951 1 110 14 208 170 2.354000 5.705000
952 1 110 16 209 173 2.912000 2.791000
953 1 114 18 212 175 4.176000 1.033000
954 1 118 18 212 183 4.249000 0.711000
955 1 122 18 216 183 5.588000 0.190000
956 1 120 19 219 186 4.243000 0.982000
957 1 119 18 218 184 1.818000 1.364000
958 1 119 17 217 183 3.072000 0.417000
959 1 119 13 222 187 1.959000 0.891000
960 1 120 12 223 187 2.482000 0.522000
961 1 122 12 225 187 3.389000 -0.040000
962 1 123 12 226 187 2.770000 0.772000
963 1 124 13 227 187 1.855000 2.076000
964 1 125 16 228 191 2.336000 3.287000
965 1 131 18 219 202 1.644000 5.358000
966 1 131 23 220 206 1.267000 4.027000
967 1 131 24 219 207 1.126000 1.239000
968 1 132 24 221 207 0.716000 -0.779000
969 1 133 14 221 198 2.316000 -7.968000
970 1 135 6 224 190 1.917000 -6.088000
971 1 137 5 225 188 1.225000 -0.166000
972 1 138 5 226 189 1.974000 -0.440000
973 1 139 4 227 188 1.853000 0.188000
974 1 142 2 230 186 2.405000 -0.332000
975 1 143 6 219 188 1.843000 1.027000
976 1 144 5 220 187 1.731000 1.715000
977 1 145 14 217 187 0.663000 4.759000
978 1 145 17 217 190 0.336000 3.187000
979 1 144 18 216 190 0.827000 1.418000
980 1 143 16 219 197 0.233000 1.043000
981 1 141 10 220 201 1.242000 1.035000
982 1 141 14 221 204 0.584000 1.828000
983 1 141 9 225 209 1.690000 1.122000
984 1 140 4 228 214 1.037000 1.434000
985 1 138 1 230 221 1.456000 1.404000
986 1 138 3 230 224 1.476000 1.162000
987 1 140 4 232 224 1.124000 0.922000
988 1 141 4 233 225 1.213000 0.312000
989 1 139 6 231 226 1.457000 -0.104000
990 1 141 11 229 222 1.030000 0.818000
991 1 148 24 226 221 0.856000 1.358000
992 1 146 20 228 227 1.070000 1.472000
993 1 146 22 229 229 1.168000 0.946000
994 1 149 27 227 224 1.138000 0.708000
995 1 149 26 227 223 1.770000 -2.535000
996 1 150 22 228 219 1.019000 -3.164000
997 1 149 20 227 217 0.088000 -1.064000
998 1 146 10 228 217 -0.273000 -3.212000
999 1 146 2 228 209 0.582000 -6.625000
1000 1 147 0 229 198 0.607000 -7.730000
1001 1 144 0 210 164 1.139000 -8.103000
1002 1 144 0 210 160 0.318000 -3.953000
1003 1 141 0 208 158 -0.941000 -0.767000
1004 1 142 0 208 157 0.756000 -0.506000
1005 1 142 0 208 159 0.556000 1.131000
1006 1 142 0 214 166 0.664000 2.808000
1007 1 141 0 214 166 0.987000 -0.791000
1008 1 142 0 214 164 0.937000 -2.185000
1009 1 142 0 214 160 1.664000 -3.594000
1010 1 143 0 212 151 -0.365000 -3.813000
1011 1 141 0 210 147 -0.990000 -2.534000
1012 1 137 0 218 145 0.668000 -6.102000
1013 1 138 0 226 130 1.238000 -7.615000
1014 1 144 0 231 122 1.632000 -7.287000
1015 1 143 0 239 116 1.684000 -3.885000
1016 1 141 0 243 120 -0.099000 2.827000
1017 1 139 0 244 132 0.518000 8.076000
1018 1 135 0 245 154 -1.253000 9.754000
1019 1 130 0 240 182 -0.395000 8.292000
1020 1 123 14 233 202 -2.239000 6.541000
1021 1 115 34 220 213 -5.525000 3.780000
1022 1 113 36 218 215 -0.612000 2.953000
1023 1 112 35 217 214 0.507000 -1.135000
1024 1 110 28 214 207 -1.295000 -6.124000
1025 1 100 18 211 206 -1.728000 -4.541000
1026 1 99 14 210 202 -0.044000 -4.826000
1027 1 99 12 209 200 1.347000 -1.956000
1028 1 98 11 208 199 1.407000 -1.595000
1029 1 99 11 198 193 1.434000 -3.229000
1030 1 98 9 198 190 1.903000 -2.294000
1031 1 100 8 199 189 1.582000 -1.343000
1032 1 103 2 192 192 1.524000 0.306000
1033 1 104 3 192 192 1.336000 0.837000
1034 1 103 3 191 192 1.169000 0.671000
1035 1 102 2 190 192 -1.250000 0.712000
1036 1 101 1 189 190 2.372000 -0.672000
1037 1 102 3 190 192 1.677000 -0.764000
1038 1 102 2 190 191 1.608000 -1.183000
1039 1 102 1 190 191 1.313000 -1.367000
1040 1 100 1 188 191 -1.048000 -0.979000
1041 1 100 0 188 180 -1.187000 -1.039000
1042 1 101 0 188 176 -0.178000 -1.217000
1043 1 101 0 192 182 1.234000 -1.071000
1044 1 101 0 192 182 2.335000 -0.667000
1045 1 98 0 190 181 4.009000 -0.832000
1046 1 100 0 192 179 3.385000 -0.983000
1047 1 103 0 195 180 2.945000 -1.645000
1048 1 105 0 192 173 1.496000 -3.656000
1049 1 110 0 177 170 -0.028000 -4.557000
1050 1 109 0 177 167 0.256000 -3.994000
1051 1 108 0 179 168 0.828000 -4.497000
1052 1 108 0 178 163 1.001000 -3.708000
1053 1 109 0 180 160 0.999000 -1.854000
1054 1 117 0 166 154 0.418000 -1.103000
1055 1 116 0 166 153 0.542000 -1.096000
1056 1 116 0 166 153 1.092000 -0.784000
1057 1 118 0 165 148 0.870000 -0.585000
1058 1 117 0 166 152 -0.509000 0.447000
1059 1 117 0 166 152 -0.012000 0.590000
1060 1 118 0 164 149 0.397000 1.915000
1061 1 118 0 164 153 0.858000 3.948000
1062 1 118 0 164 156 0.789000 3.132000
1063 1 117 0 166 163 0.290000 2.941000
1064 1 111 0 167 167 0.138000 1.023000
1065 1 112 0 167 168 1.083000 -0.506000
1066 1 111 0 166 168 0.801000 -0.275000
1067 1 110 0 165 169 0.463000 -0.455000
1068 1 110 0 170 163 -0.818000 -1.024000
1069 1 109 0 169 162 0.002000 -1.392000
1070 1 109 0 169 162 0.470000 -0.838000
1071 1 108 0 168 162 -0.173000 0.490000
1072 1 106 0 170 168 -1.002000 0.947000
1073 1 104 0 167 168 -1.584000 0.858000
1074 1 105 0 165 165 -1.263000 0.805000
1075 1 106 0 166 165 0.497000 0.158000
1076 1 105 0 166 164 -0.870000 -0.423000
1077 1 106 0 166 163 0.466000 -2.101000
1078 1 106 0 167 158 0.930000 -4.138000
1079 1 106 0 170 161 0.709000 -1.424000
1080 1 110 0 173 156 3.195000 -4.429000
1081 1 117 0 177 140 6.127000 -5.380000
1082 1 122 0 182 140 2.500000 -1.921000
1083 1 126 0 183 136 1.682000 -0.798000
1084 1 128 0 185 136 0.131000 -0.768000
1085 1 129 0 189 138 0.377000 -1.324000
1086 1 131 0 188 133 0.550000 -1.052000
1087 1 132 0 189 134 -0.232000 -0.641000
1088 1 132 0 190 134 1.352000 0.562000
1089 1 144 0 193 126 2.947000 -1.417000
1090 1 147 0 194 121 3.373000 -2.294000
1091 1 148 0 197 116 1.801000 -4.762000
1092 1 151 0 197 110 -0.061000 -3.646000
1093 1 151 0 197 103 -0.090000 -5.399000
1094 1 152 0 200 92 0.777000 -6.624000
1095 1 153 0 204 84 2.269000 -5.215000
1096 1 155 0 206 83 2.907000 -2.028000
1097 1 161 0 209 78 5.485000 -2.700000
1098 1 163 0 214 70 4.164000 -4.389000
1099 1 165 0 216 70 1.171000 -2.194000
1100 1 168 0 219 69 1.368000 -1.070000
