343 1 0 141 224 240
344 1 0 138 228 240
345 1 0 139 226 240
346 1 0 138 226 240
347 1 0 149 221 240
348 1 0 153 213 240
349 1 0 155 210 240
350 1 0 144 204 240
351 1 0 130 193 240
352 1 0 131 190 240
353 1 0 134 189 240
354 1 0 138 183 240
355 1 0 140 182 240
356 1 0 138 184 240
357 1 0 118 172 240
358 1 0 109 178 240
359 1 0 104 169 240
360 1 0 100 193 240
361 1 0 97 194 240
362 1 0 93 210 240
363 1 0 79 223 240
364 1 0 51 228 240
365 1 0 25 241 239
366 1 0 0 242 240
367 1 0 0 242 240
368 1 0 0 242 239
369 1 0 0 238 240
370 1 0 0 230 240
371 1 0 0 226 240
372 1 0 0 215 239
373 1 0 0 207 240
374 1 0 0 205 240
375 1 0 0 192 240
376 1 0 0 185 239
377 1 0 0 179 240
378 1 0 0 178 239
379 1 0 0 178 240
380 1 0 0 190 240
381 1 0 0 198 240
382 1 0 0 193 240
383 1 0 0 187 240
384 1 0 0 177 240
385 1 0 0 179 240
386 1 0 0 202 240
387 1 0 0 217 240
388 1 0 0 244 240
389 1 0 0 234 240
389 2 148 40 216 222
390 1 0 0 218 240
390 2 134 54 202 236
391 1 0 0 206 240
391 2 129 51 197 233
392 1 0 0 194 240
392 2 116 72 182 240
393 1 0 0 184 240
393 2 109 74 176 240
394 1 0 0 176 240
394 2 92 42 174 240
395 1 0 0 175 240
395 2 93 44 175 240
396 1 0 0 170 240
396 2 89 52 170 240
397 1 0 0 173 240
397 2 84 54 166 240
398 1 0 0 152 240
398 2 82 48 164 240
399 1 0 0 150 240
399 2 79 50 160 240
400 1 0 0 154 240
400 2 77 58 158 240
401 1 72 57 153 240
401 2 0 0 148 240
402 1 73 63 154 240
402 2 1 0 153 240
403 1 74 70 155 240
403 2 0 0 161 240
404 1 69 151 135 240
404 2 0 0 158 240
405 1 67 153 132 240
405 2 0 2 162 240
406 1 72 173 115 240
406 2 0 0 172 240
407 1 73 173 116 240
407 2 0 1 174 240
408 1 76 179 118 240
408 2 0 0 181 240
409 1 0 1 184 240
410 1 0 0 189 240
411 1 0 2 190 240
412 1 73 67 121 129
412 2 0 0 190 240
413 1 71 71 119 133
413 2 0 0 184 240
414 1 57 71 117 140
414 2 0 0 181 240
415 1 56 77 116 146
415 2 0 0 180 240
416 1 46 81 104 171
416 2 0 0 173 240
417 1 41 85 99 174
417 2 0 0 164 240
418 1 0 0 94 240
419 1 0 0 83 240
420 1 0 19 66 240
421 1 0 24 67 240
422 1 0 54 38 240
423 1 0 40 50 240
424 1 0 20 69 240
425 1 0 26 84 240
426 1 0 60 91 240
427 1 0 71 94 240
428 1 0 84 101 240
429 1 0 92 98 240
430 1 0 117 100 240
431 1 0 122 101 240
432 1 0 125 100 240
433 1 1 136 47 170
433 2 0 125 102 240
434 1 0 122 50 171
434 2 0 122 110 240
435 1 0 113 52 173
435 2 0 120 112 240
436 1 0 108 50 173
436 2 0 122 113 240
437 1 0 106 49 170
437 2 0 137 114 240
438 1 0 98 54 197
438 2 0 138 121 240
439 1 0 98 62 236
439 2 0 140 134 240
440 1 0 95 77 240
440 2 0 150 143 240
441 1 0 97 83 240
441 2 0 152 149 240
442 1 0 96 76 240
442 2 48 166 158 240
443 1 0 96 78 240
443 2 54 169 164 240
444 1 0 92 83 240
444 2 64 172 175 240
445 1 0 86 88 240
445 2 70 171 180 240
446 1 0 80 99 240
446 2 84 170 194 240
447 1 4 94 100 240
447 2 96 172 206 240
448 1 25 92 121 240
448 2 106 163 222 240
449 1 33 89 129 240
449 2 130 165 222 240
450 1 46 80 132 236
450 2 113 165 236 240
451 1 51 79 131 234
451 2 114 163 246 240
452 1 49 77 129 231
452 2 105 157 249 240
453 1 41 71 131 236
453 2 109 152 253 240
454 1 37 69 127 240
454 2 106 152 251 240
455 1 36 68 126 240
455 2 107 153 251 240
456 1 38 66 128 238
456 2 60 151 262 240
457 1 40 66 130 238
457 2 116 172 264 240
458 1 47 63 138 240
458 2 128 171 274 240
459 1 50 62 141 240
459 2 130 169 282 240
460 1 52 62 142 240
460 2 139 183 280 240
461 1 50 61 140 240
461 2 140 183 281 240
462 1 49 59 144 240
462 2 143 187 270 240
463 1 50 57 146 240
463 2 150 191 273 240
464 1 58 56 154 240
464 2 165 192 275 240
465 1 60 53 156 240
465 2 170 190 283 240
466 1 61 48 157 240
466 2 179 190 287 240
467 1 58 45 154 240
467 2 174 193 289 240
468 1 55 36 150 240
468 2 171 191 293 240
469 1 55 34 150 240
469 2 169 190 320 240
470 1 52 30 147 240
470 2 174 189 320 240
471 1 42 21 143 240
471 2 86 191 293 240
472 1 8 9 130 236
472 2 12 192 268 240
473 1 1 4 123 231
473 2 9 190 265 240
474 1 0 0 121 230
474 2 8 189 265 240
475 1 0 0 122 228
475 2 11 187 280 240
476 1 0 0 121 223
476 2 0 195 297 240
477 1 0 0 123 224
477 2 0 194 298 240
478 1 0 0 126 216
478 2 0 177 296 240
479 1 1 0 129 210
479 2 0 157 312 240
480 1 16 0 135 197
480 2 0 138 320 240
481 1 21 0 140 198
481 2 0 133 320 240
482 1 2 0 120 192
482 2 0 119 310 240
483 1 0 0 117 190
483 2 0 94 306 240
484 1 0 0 117 174
484 2 0 62 311 240
485 1 1 0 119 167
485 2 0 44 310 240
486 1 0 0 115 152
486 2 0 12 300 240
487 1 0 0 89 146
487 2 0 0 289 240
488 1 0 0 87 141
488 2 0 0 296 240
489 1 0 0 91 153
489 2 0 0 310 240
490 1 0 0 90 162
490 2 0 4 302 240
491 1 0 0 91 173
491 2 0 11 302 240
492 1 0 0 88 181
492 2 0 44 302 240
493 1 0 0 86 186
493 2 0 61 303 240
494 1 0 0 80 190
494 2 0 92 300 240
495 1 0 0 83 198
495 2 0 100 302 240
496 1 0 0 71 191
496 2 0 100 304 240
497 1 0 0 68 193
497 2 0 104 303 240
498 1 0 0 64 198
498 2 57 105 279 240
499 1 0 0 62 204
499 2 56 101 291 240
500 1 0 3 49 200
500 2 72 101 275 240
501 1 0 0 53 195
501 2 82 112 277 240
502 1 0 0 63 197
502 2 0 112 277 240
503 1 0 0 73 197
503 2 0 112 280 240
504 1 0 0 74 197
504 2 116 102 292 240
505 1 0 0 75 161
505 2 118 98 289 240
506 1 0 0 78 162
506 2 114 97 295 240
507 1 0 0 75 164
507 2 125 100 293 240
508 1 0 1 76 166
508 2 127 101 295 240
509 1 0 0 83 131
509 2 133 113 299 240
510 1 0 0 84 116
510 2 131 112 298 240
511 1 0 0 84 101
511 2 130 112 294 240
512 1 0 0 84 102
512 2 131 111 290 240
513 1 0 0 92 98
513 2 148 107 302 240
514 1 0 0 98 100
514 2 157 117 303 240
515 1 0 0 102 97
515 2 163 119 313 240
516 1 0 0 107 98
516 2 167 116 314 240
517 1 0 0 110 101
517 2 164 145 310 240
518 1 0 0 106 102
518 2 157 142 298 240
519 1 0 0 91 97
519 2 140 145 282 240
520 1 0 0 84 94
520 2 136 147 273 240
521 1 0 0 91 92
521 2 141 148 270 240
522 1 0 0 96 93
522 2 145 144 278 240
523 1 0 0 105 94
523 2 151 140 287 240
524 1 0 0 104 92
524 2 110 140 287 240
525 1 0 0 90 91
525 2 144 137 274 240
526 1 0 0 86 87
526 2 138 134 270 240
527 1 0 0 76 80
527 2 133 120 267 240
528 1 0 0 76 80
528 2 131 117 270 240
529 1 0 0 44 77
529 2 124 111 253 240
530 1 114 110 251 240
530 2 0 24 23 71
531 1 118 104 262 240
531 2 0 0 19 42
532 1 115 104 261 240
532 2 0 0 19 43
533 1 88 100 258 240
534 1 91 95 264 240
535 1 110 92 279 240
535 2 0 0 26 50
536 1 118 91 286 240
536 2 0 0 34 54
537 1 127 89 294 240
537 2 0 0 40 64
538 1 130 88 296 240
538 2 0 0 43 73
539 1 116 85 307 240
539 2 0 0 52 98
540 1 126 80 318 240
540 2 0 0 55 99
541 1 132 81 320 240
541 2 0 0 60 168
542 1 153 82 320 240
542 2 0 0 60 174
543 1 154 84 320 240
543 2 0 0 61 182
544 1 156 85 320 240
544 2 0 0 64 182
545 1 159 86 320 240
545 2 0 0 64 185
546 1 161 85 320 240
546 2 0 0 65 186
547 1 170 80 320 240
547 2 0 7 72 185
548 1 174 79 320 240
548 2 0 8 77 186
549 1 177 80 320 240
549 2 0 9 83 180
550 1 172 79 320 240
550 2 0 9 84 181
551 1 172 79 320 240
551 2 0 10 87 181
552 1 175 78 320 240
552 2 0 11 87 182
553 1 169 84 320 240
553 2 0 14 92 178
554 1 145 98 320 240
554 2 0 13 91 176
555 1 135 87 320 240
555 2 0 8 89 171
556 1 131 82 320 240
556 2 0 5 90 168
557 1 137 76 320 240
557 2 0 1 97 149
558 1 140 71 320 240
558 2 0 0 100 143
559 1 169 79 320 240
559 2 0 0 97 132
560 1 171 79 320 240
560 2 0 0 97 131
561 1 184 85 320 240
561 2 0 0 104 137
562 1 197 90 320 240
562 2 0 2 105 143
563 1 187 97 320 240
563 2 0 10 97 151
564 1 184 97 320 240
564 2 0 14 91 155
565 1 185 104 320 240
565 2 0 11 90 160
566 1 174 127 319 240
566 2 0 7 90 157
567 1 148 149 286 240
567 2 0 0 79 143
568 1 141 150 279 240
568 2 0 0 69 137
569 1 137 144 275 240
569 2 0 0 66 120
570 1 134 140 272 240
570 2 0 0 64 117
571 1 116 128 301 240
572 1 108 120 292 240
573 1 93 108 294 240
574 1 91 107 290 240
575 1 76 102 274 240
576 1 74 101 271 240
577 1 96 108 284 240
578 1 95 111 283 240
579 1 97 112 285 240
580 1 100 114 306 240
581 1 110 110 306 240
582 1 112 110 308 240
583 1 113 115 309 240
584 1 114 116 310 240
585 1 132 100 244 240
586 1 136 103 248 240
587 1 144 104 256 240
588 1 149 101 261 240
589 1 159 100 276 240
590 1 160 99 285 240
590 2 0 120 18 190
591 1 169 90 308 240
591 2 0 102 32 230
592 1 168 80 320 240
592 2 0 97 35 240
593 1 169 74 320 240
593 2 0 88 39 240
594 1 171 72 320 238
594 2 0 83 43 240
595 1 170 64 320 240
595 2 0 82 46 240
596 1 170 66 320 240
596 2 0 82 47 240
597 1 174 58 320 240
597 2 0 82 51 240
598 1 183 59 320 240
598 2 0 90 53 240
599 1 181 53 320 238
599 2 0 90 54 240
600 1 182 54 320 239
600 2 0 90 55 239
601 1 196 51 320 212
601 2 0 88 62 240
602 1 195 52 320 212
602 2 0 88 63 240
603 1 192 45 320 206
603 2 0 88 62 240
604 1 188 46 320 207
604 2 0 87 61 240
605 1 179 46 320 207
605 2 0 89 54 240
606 1 175 42 320 210
606 2 0 87 53 240
607 1 174 32 320 201
607 2 0 87 61 240
608 1 176 27 320 196
608 2 0 87 64 240
609 1 177 18 320 198
609 2 0 86 64 240
610 1 173 16 320 197
610 2 0 90 60 240
611 1 174 12 308 202
611 2 0 86 61 240
612 1 175 10 310 200
612 2 0 91 60 240
613 1 174 6 311 209
613 2 0 87 65 240
614 1 172 5 308 208
614 2 0 85 63 240
615 1 173 0 304 209
615 2 0 85 63 240
616 1 176 0 307 206
616 2 0 84 67 240
617 1 168 0 279 216
617 2 0 76 71 240
618 1 167 0 278 216
618 2 0 76 70 240
619 1 168 0 268 218
619 2 0 76 71 240
620 1 166 0 267 219
620 2 0 75 70 240
621 1 168 0 269 218
621 2 0 86 71 240
622 1 169 0 275 224
622 2 0 84 77 240
623 1 172 0 278 223
623 2 0 84 78 240
624 1 174 0 282 208
624 2 0 84 83 240
625 1 184 0 293 213
625 2 0 83 83 240
626 1 184 0 293 215
626 2 0 82 83 240
627 1 187 5 300 200
627 2 0 82 84 240
628 1 188 7 300 201
628 2 0 82 85 240
629 1 185 14 309 224
629 2 0 85 84 240
630 1 184 17 312 234
630 2 0 82 85 240
631 1 182 22 310 240
631 2 0 82 82 240
632 1 182 22 310 239
632 2 0 82 83 240
633 1 187 23 315 240
633 2 1 82 90 240
634 1 188 26 316 240
634 2 0 86 86 240
635 1 194 40 320 240
635 2 0 89 94 240
636 1 198 41 320 240
636 2 0 83 95 240
637 1 200 43 320 240
637 2 0 85 100 240
638 1 201 45 320 240
638 2 0 82 99 240
639 1 202 47 320 240
639 2 0 83 103 240
640 1 203 46 320 240
640 2 0 83 107 240
641 1 204 44 320 240
641 2 0 83 106 240
642 1 203 42 320 240
642 2 0 82 106 240
643 1 206 30 320 240
643 2 0 77 111 240
644 1 207 26 320 240
644 2 0 76 113 238
645 1 204 18 320 240
645 2 0 72 113 233
646 1 206 20 320 236
646 2 0 71 112 232
647 1 208 16 320 232
647 2 0 72 112 240
648 1 210 18 320 223
648 2 0 72 112 240
649 1 208 21 320 227
649 2 0 73 109 240
650 1 206 19 320 225
650 2 0 72 112 240
651 1 210 18 320 224
651 2 0 71 122 240
652 1 210 13 320 229
652 2 0 72 125 240
653 1 210 14 320 230
653 2 0 71 127 240
654 1 211 13 320 229
654 2 0 68 128 238
655 1 221 10 320 225
655 2 4 64 135 240
656 1 222 6 320 222
656 2 0 59 136 240
657 1 226 0 320 212
657 2 0 53 136 240
658 1 228 0 320 208
658 2 0 43 133 240
659 1 224 0 318 178
659 2 3 40 130 240
660 1 219 0 318 183
660 2 2 41 129 240
661 1 212 0 310 188
661 2 8 40 124 240
662 1 206 0 305 170
662 2 8 40 124 240
663 1 212 0 311 169
663 2 7 42 123 240
664 1 214 0 320 172
664 2 10 41 126 240
665 1 217 0 320 172
665 2 15 43 131 240
666 1 216 0 320 174
666 2 36 50 129 240
667 1 218 0 320 176
667 2 40 56 133 240
668 1 220 0 320 178
668 2 40 54 138 240
669 1 222 12 320 176
669 2 41 58 139 240
670 1 220 13 320 176
670 2 54 66 140 240
671 1 220 14 320 177
671 2 55 67 141 240
672 1 220 14 320 164
672 2 57 68 143 240
673 1 220 14 320 163
673 2 58 69 144 240
674 1 224 14 320 157
674 2 61 70 147 240
675 1 231 12 320 154
675 2 62 71 148 240
676 1 232 10 320 153
676 2 61 73 148 240
677 1 231 9 320 152
677 2 61 76 148 240
678 1 231 11 320 154
678 2 57 74 148 240
679 1 230 13 320 156
679 2 52 79 149 240
680 1 228 22 320 164
680 2 46 82 148 240
681 1 235 27 320 180
681 2 45 82 150 240
682 1 237 26 320 178
682 2 47 82 152 240
683 1 240 23 320 159
683 2 48 83 156 240
684 1 241 21 320 156
684 2 50 82 158 240
685 1 243 19 320 154
685 2 54 84 162 240
686 1 240 20 320 155
686 2 50 84 158 240
687 1 233 22 320 157
687 2 40 84 153 238
688 1 230 24 320 159
688 2 38 82 151 236
689 1 227 27 320 162
689 2 33 80 153 234
690 1 226 26 320 162
690 2 33 78 153 231
691 1 223 24 318 160
691 2 19 76 150 210
692 1 220 19 320 161
692 2 19 76 150 210
693 1 221 14 320 156
693 2 19 76 158 217
694 1 213 12 320 154
694 2 14 78 158 218
695 1 208 15 320 155
695 2 2 81 147 240
696 1 204 20 319 160
696 2 0 83 145 240
697 1 196 26 314 164
697 2 18 81 130 240
698 1 196 30 314 168
698 2 16 83 128 240
699 1 192 31 315 176
699 2 16 84 128 240
700 1 191 34 314 179
700 2 28 92 125 240
701 1 196 36 320 180
701 2 34 92 131 240
702 1 200 36 320 181
702 2 36 92 134 240
703 1 203 40 320 185
703 2 39 92 136 240
704 1 199 44 320 189
704 2 36 91 134 240
705 1 189 49 312 194
705 2 19 95 123 240
706 1 191 53 305 174
706 2 13 92 122 240
707 1 195 51 303 166
707 2 10 82 128 240
708 1 197 47 305 162
708 2 9 80 129 240
709 1 204 38 312 153
709 2 24 78 131 239
710 1 203 32 311 147
710 2 30 74 136 234
711 1 212 26 307 141
711 2 37 72 144 232
712 1 213 27 308 142
712 2 38 69 144 230
713 1 210 33 304 148
713 2 35 72 142 233
714 1 208 37 290 153
714 2 30 70 142 239
715 1 206 42 288 163
715 2 35 75 141 236
716 1 208 45 286 166
716 2 36 76 142 236
717 1 210 45 288 166
717 2 39 85 144 228
718 1 211 44 289 172
718 2 40 85 146 228
719 1 211 44 289 178
719 2 41 85 146 228
720 1 211 48 289 184
720 2 40 87 152 217
721 1 210 52 288 188
721 2 40 90 151 220
722 1 208 56 286 192
722 2 30 95 154 214
723 1 206 61 284 197
723 2 20 103 151 220
724 1 206 66 288 200
724 2 18 104 153 225
725 1 209 66 294 201
725 2 19 106 156 238
726 1 210 66 294 201
726 2 19 102 156 240
727 1 210 66 298 200
727 2 14 102 152 240
728 1 210 68 298 202
728 2 9 104 146 240
729 1 205 71 293 205
729 2 26 106 135 240
730 1 200 73 295 198
730 2 23 107 132 240
731 1 200 75 296 193
731 2 21 107 130 240
732 1 200 74 296 191
732 2 40 104 130 240
733 1 202 69 306 175
733 2 42 100 132 240
734 1 203 67 307 173
734 2 40 95 134 240
735 1 201 62 318 158
735 2 42 92 137 240
736 1 199 62 316 157
736 2 42 94 137 240
737 1 196 64 317 157
737 2 41 92 136 240
738 1 191 65 312 158
738 2 40 91 134 240
739 1 188 70 310 163
739 2 35 90 134 240
740 1 190 71 311 164
740 2 36 93 135 240
741 1 200 75 306 168
741 2 40 98 139 240
742 1 200 77 306 174
742 2 40 100 139 240
743 1 202 80 297 182
743 2 40 101 139 240
744 1 202 82 297 183
744 2 39 102 138 240
745 1 202 85 297 187
745 2 35 105 138 240
746 1 200 79 282 194
746 2 33 103 136 240
747 1 192 78 274 194
747 2 9 96 133 240
748 1 189 78 270 194
748 2 2 97 134 240
749 1 196 78 278 193
749 2 8 99 140 240
750 1 203 78 284 193
750 2 22 99 147 240
751 1 203 72 288 193
751 2 30 100 155 240
752 1 202 72 288 193
752 2 29 100 154 240
753 1 201 72 287 194
753 2 38 99 141 240
754 1 201 74 286 195
754 2 37 100 140 240
755 1 200 73 286 194
755 2 36 100 139 240
756 1 198 73 284 194
756 2 45 95 134 240
757 1 193 72 278 193
757 2 40 93 129 240
758 1 190 73 276 194
758 2 36 92 126 240
759 1 208 70 276 201
759 2 44 94 129 240
760 1 210 68 278 199
760 2 46 95 131 240
761 1 214 64 286 208
761 2 50 94 135 240
762 1 214 63 285 208
762 2 50 94 134 240
763 1 212 68 284 220
763 2 47 94 132 240
764 1 210 71 282 223
764 2 49 100 130 240
765 1 208 80 280 232
765 2 45 102 126 240
766 1 210 83 282 235
766 2 45 106 126 240
767 1 214 91 286 240
767 2 50 109 130 240
768 1 214 101 290 240
768 2 50 112 129 240
769 1 210 110 286 240
769 2 44 121 124 240
770 1 206 114 282 240
770 2 43 129 123 240
771 1 199 118 283 240
771 2 42 131 122 240
772 1 205 117 288 240
772 2 47 130 127 240
773 1 202 119 294 240
773 2 50 128 129 240
774 1 199 118 290 240
774 2 49 127 129 240
775 1 193 110 289 232
775 2 48 121 127 240
776 1 194 107 290 228
776 2 48 112 127 240
777 1 194 93 295 220
777 2 45 107 124 240
778 1 196 86 297 214
778 2 46 104 125 240
779 1 189 71 310 183
779 2 51 94 131 240
780 1 191 67 312 179
780 2 52 91 132 240
781 1 179 66 314 178
781 2 53 87 133 240
782 1 178 66 313 177
782 2 52 87 131 240
783 1 177 66 312 177
783 2 50 86 129 240
784 1 178 67 314 178
784 2 50 87 130 240
785 1 180 64 320 181
785 2 52 85 132 240
786 1 181 64 320 180
786 2 53 80 135 240
787 1 196 63 320 174
787 2 54 74 136 240
788 1 198 63 320 174
788 2 55 73 137 240
789 1 206 59 320 170
789 2 53 75 149 240
790 1 210 61 320 172
790 2 54 73 151 240
791 1 215 61 320 172
791 2 51 74 160 240
792 1 215 61 320 172
792 2 48 73 162 240
793 1 220 57 320 184
793 2 50 72 171 240
794 1 221 58 320 184
794 2 50 72 171 240
795 1 220 68 320 195
795 2 61 73 172 240
796 1 232 69 320 206
796 2 59 74 170 240
797 1 232 68 320 204
797 2 74 74 162 236
798 1 230 62 320 206
798 2 74 72 162 235
799 1 238 55 320 211
799 2 75 68 163 231
800 1 240 52 320 208
800 2 75 68 163 231
801 1 246 56 320 213
801 2 76 64 164 227
802 1 247 55 320 212
802 2 76 64 164 226
803 1 254 58 320 219
803 2 73 63 161 226
804 1 254 58 320 220
804 2 72 62 160 225
805 1 256 60 320 221
805 2 74 62 162 225
806 1 257 57 320 219
806 2 74 58 162 220
807 1 258 59 320 213
807 2 75 59 163 221
808 1 263 60 320 207
808 2 77 58 165 220
809 1 262 53 320 207
809 2 83 62 166 216
810 1 83 61 169 193
810 2 273 74 320 200
811 1 90 59 176 191
811 2 271 76 320 203
812 1 90 59 176 191
812 2 270 81 320 207
813 1 90 68 184 179
813 2 276 91 320 196
814 1 84 69 187 178
814 2 276 94 320 198
815 1 81 71 190 180
815 2 270 98 320 182
816 1 82 73 191 182
816 2 269 98 320 186
817 1 74 72 196 198
817 2 271 102 320 172
818 1 73 74 199 210
818 2 274 102 320 173
819 1 82 74 196 226
819 2 267 104 320 170
820 1 81 80 195 231
820 2 265 104 320 170
821 1 91 71 176 231
821 2 263 100 320 168
822 1 92 70 177 230
822 2 263 96 320 165
823 1 95 65 180 225
823 2 268 92 320 160
824 1 98 66 183 226
824 2 268 89 320 157
825 1 101 61 186 221
825 2 274 97 320 145
826 1 104 61 185 214
826 2 274 96 320 146
827 1 106 58 187 211
827 2 279 98 320 148
828 1 107 60 184 205
828 2 284 100 320 151
829 1 112 59 189 204
829 2 294 115 320 158
830 1 112 59 189 204
830 2 297 117 320 160
831 1 116 58 193 203
831 2 298 119 320 163
832 1 117 57 194 202
833 1 117 64 200 180
834 1 121 62 204 178
835 1 121 62 204 177
836 1 122 66 210 176
837 1 122 70 216 177
838 1 121 74 225 182
839 1 122 74 226 182
840 1 114 75 230 184
841 1 113 78 229 186
842 1 108 77 234 204
843 1 109 80 235 213
844 1 109 87 235 236
845 1 116 84 227 239
846 1 117 87 227 240
847 1 126 85 212 240
848 1 126 86 211 240
849 1 128 89 212 240
850 1 131 88 216 240
851 1 134 78 205 240
852 1 132 72 207 240
853 1 128 73 202 232
854 1 129 68 204 220
855 1 128 65 204 217
856 1 128 64 208 210
857 1 127 64 207 210
858 1 124 60 208 213
859 1 123 60 206 213
860 1 122 59 206 198
861 1 118 59 206 196
862 1 115 62 203 192
863 1 113 62 201 191
864 1 108 64 204 188
865 1 102 65 202 186
866 1 98 64 206 183
867 1 100 64 207 183
868 1 94 65 214 181
869 1 94 67 214 183
870 1 94 76 214 192
871 1 96 78 216 195
872 1 92 80 226 195
873 1 93 79 233 198
874 1 94 81 235 200
875 1 91 81 238 202
876 1 82 78 241 208
877 1 78 78 240 213
878 1 74 76 242 220
879 1 75 79 244 229
880 1 84 77 237 239
881 1 85 79 238 240
882 1 102 77 227 240
883 1 107 76 219 240
884 1 104 77 216 240
885 1 120 74 207 240
886 1 119 71 205 240
887 1 118 66 208 240
888 1 130 71 200 240
889 1 126 71 196 240
890 1 122 74 191 240
891 1 118 68 190 240
892 1 116 69 186 238
893 1 116 65 183 237
894 1 111 56 177 229
895 1 109 48 179 230
896 1 109 41 179 222
897 1 110 44 184 207
898 1 114 43 191 196
899 1 114 39 194 200
900 1 114 43 198 191
901 1 113 51 196 199
902 1 101 60 194 201
903 1 98 63 190 205
904 1 85 77 187 208
905 1 82 77 188 214
906 1 70 92 189 228
907 1 66 96 188 237
908 1 64 102 190 240
909 1 58 104 190 240
910 1 42 104 161 240
911 1 34 104 153 240
912 1 27 102 145 240
913 1 24 98 143 240
914 1 51 84 140 240
915 1 50 81 140 240
916 1 50 69 140 240
917 1 51 63 140 240
918 1 59 54 148 240
919 1 63 50 152 237
920 1 90 46 149 223
921 1 90 40 148 218
922 1 83 33 145 199
923 1 82 30 144 196
924 1 82 33 148 189
925 1 85 34 150 190
926 1 90 35 160 180
927 1 88 38 165 181
928 1 87 39 168 189
929 1 87 46 171 189
930 1 86 58 181 196
931 1 86 66 183 200
932 1 80 81 185 222
933 1 80 88 186 234
934 1 75 100 187 240
935 1 71 105 183 240
936 1 61 111 171 240
937 1 63 111 172 240
938 1 97 114 171 240
939 1 88 113 168 240
940 1 83 104 164 240
941 1 77 95 165 240
942 1 82 86 170 240
943 1 89 85 176 240
944 1 89 86 180 240
945 1 89 97 180 240
946 1 89 102 180 240
947 1 92 104 174 240
948 1 95 106 180 240
949 1 97 103 182 240
950 1 96 97 180 240
951 1 91 89 180 240
952 1 94 84 182 233
953 1 98 83 186 232
954 1 100 81 187 230
955 1 98 81 186 229
956 1 85 92 179 239
957 1 81 93 176 240
958 1 72 100 170 240
959 1 71 104 168 240
960 1 68 103 171 240
961 1 64 101 169 240
962 1 58 98 172 240
963 1 58 98 173 240
964 1 67 94 171 240
965 1 64 93 168 240
966 1 73 87 170 240
967 1 75 82 172 240
968 1 73 79 171 240
969 1 72 75 170 240
970 1 72 67 175 240
971 1 84 68 170 227
972 1 78 68 169 224
973 1 76 66 167 222
974 1 72 66 163 221
975 1 74 64 165 213
976 1 82 62 173 210
977 1 84 61 175 209
978 1 86 58 177 206
979 1 85 62 181 217
980 1 86 60 182 224
981 1 86 58 182 228
982 1 85 62 180 240
983 1 83 63 178 240
984 1 82 62 174 240
985 1 81 62 173 240
986 1 82 57 174 240
987 1 84 57 175 240
988 1 96 50 180 240
989 1 97 47 180 240
990 1 95 39 178 233
991 1 92 39 175 233
992 1 90 38 173 231
993 1 90 36 174 230
994 1 95 40 177 214
995 1 95 40 176 215
996 1 93 39 174 214
997 1 92 44 176 211
998 1 92 45 176 212
999 1 93 45 177 212
1000 1 92 42 180 217
1001 1 94 49 182 202
1002 1 96 45 185 198
1003 1 102 41 190 194
1004 1 113 44 201 196
1005 1 114 42 204 194
1006 1 114 44 207 201
1007 1 109 43 207 208
1008 1 107 46 204 220
1009 1 103 48 206 229
1010 1 101 54 203 240
1011 1 97 55 202 240
1012 1 93 58 198 240
1013 1 90 60 197 240
1014 1 89 58 190 240
1015 1 87 56 188 240
1016 1 98 51 187 240
1017 1 99 48 188 240
1018 1 104 43 188 237
1019 1 106 37 190 231
1020 1 114 28 198 222
1021 1 127 23 196 217
1022 1 127 22 193 212
1023 1 122 18 191 217
1024 1 117 33 186 220
1025 1 116 37 185 218
1026 1 119 41 188 221
1027 1 122 43 192 223
1028 1 120 52 201 216
1029 1 117 55 206 217
1030 1 108 66 214 228
1031 1 103 66 218 235
1032 1 106 73 234 240
1033 1 102 74 230 240
1034 1 96 74 220 240
1035 1 92 73 206 240
1036 1 104 70 210 240
1037 1 112 70 211 240
1038 1 123 68 213 240
1039 1 126 72 208 240
1040 1 119 71 201 240
1041 1 118 69 200 240
1042 1 117 66 199 240
1043 1 121 66 200 240
1044 1 129 61 202 240
1045 1 128 62 202 240
1046 1 130 58 205 240
1047 1 127 56 202 240
1048 1 120 60 200 240
1049 1 120 60 199 240
1050 1 122 56 201 236
1051 1 117 53 196 232
1052 1 110 55 194 219
1053 1 101 57 195 217
1054 1 97 59 207 216
1055 1 98 62 215 212
1056 1 98 64 228 207
1057 1 95 64 232 204
1058 1 82 63 230 204
1059 1 76 62 229 203
1060 1 70 61 228 214
1061 1 68 62 227 221
1062 1 75 60 238 240
1063 1 76 53 248 240
1064 1 92 53 234 240
1065 1 96 50 227 240
1066 1 101 50 215 240
1067 1 112 51 214 240
1068 1 121 46 208 240
1069 1 122 48 209 240
1070 1 132 55 207 240
1071 1 132 57 207 240
1072 1 136 68 208 240
1073 1 145 67 211 240
1074 1 145 72 213 240
1075 1 142 70 210 240
1076 1 126 70 194 240
1077 1 109 74 188 240
1078 1 101 78 179 240
1079 1 109 90 188 240
1080 1 105 91 195 240
1081 1 96 93 190 240
1082 1 87 91 196 240
1083 1 89 89 205 240
1084 1 93 86 223 240
1085 1 93 86 232 240
1086 1 84 79 241 238
1087 1 77 75 242 235
1088 1 67 74 245 235
1089 1 62 73 246 234
1090 1 60 73 251 240
1091 1 61 76 252 240
1092 1 64 71 249 240
1093 1 74 70 244 240
1094 1 80 69 229 240
1095 1 78 62 214 240
1096 1 72 55 196 240
1097 1 83 48 189 240
1098 1 89 43 185 240
1099 1 88 43 183 240
1100 1 91 41 171 240
1101 1 92 41 172 240
1102 1 91 35 175 240
1103 1 95 44 179 240
1104 1 100 47 184 240
1105 1 102 58 186 240
1106 1 98 54 186 240
1107 1 102 70 186 240
1108 1 126 75 210 240
1109 1 127 70 216 240
1110 1 127 66 215 240
1111 1 122 64 210 240
1112 1 112 60 200 240
1113 1 114 66 206 240
1114 1 111 57 207 240
1115 1 110 66 211 240
1116 1 108 62 226 239
1117 1 106 57 230 240
1118 1 101 60 240 239
1119 1 94 58 245 240
1120 1 83 60 252 240
1121 1 78 62 252 240
1122 1 75 63 249 240
1123 1 102 61 249 240
1124 1 110 62 231 240
1125 1 114 65 221 240
1126 1 117 64 224 240
1127 1 125 59 213 240
1128 1 122 57 204 240
1129 1 122 57 204 240
1130 1 119 56 201 240
1131 1 120 56 198 240
1132 1 120 56 198 240
1133 1 127 56 205 240
1134 1 132 56 210 240
1135 1 131 54 209 239
1136 1 124 54 211 240
1137 1 120 51 211 240
1138 1 113 56 211 240
1139 1 110 55 211 240
1140 1 99 57 211 240
1141 1 95 55 208 240
1142 1 85 58 210 240
1143 1 81 57 215 240
1144 1 80 60 221 240
1145 1 74 62 224 240
1146 1 79 64 229 240
1147 1 84 64 234 240
1148 1 84 73 244 240
1149 1 76 77 243 240
1150 1 59 85 238 240
1151 1 48 88 232 240
1152 1 30 99 226 240
1153 1 19 103 226 240
1154 1 6 106 231 240
1155 1 9 105 239 240
1156 1 16 100 250 240
1157 1 17 99 192 240
1158 1 88 96 193 240
1159 1 85 97 190 240
1160 1 102 98 181 240
1161 1 103 99 182 240
1162 1 104 100 183 240
1163 1 98 96 182 240
1164 1 99 99 172 240
1165 1 95 98 167 240
1166 1 92 97 164 240
1167 1 95 96 167 240
1168 1 102 94 174 240
1169 1 103 93 175 240
1170 1 102 91 174 240
1171 1 98 92 171 240
1172 1 97 91 170 240
1173 1 92 82 169 240
1174 1 96 78 175 240
1175 1 103 75 192 240
1176 1 106 75 201 240
1177 1 108 77 211 240
1178 1 104 74 212 240
1179 1 97 76 213 240
1180 1 87 78 211 240
1181 1 75 84 210 240
1182 1 70 90 210 240
1183 1 64 103 217 240
1184 1 64 108 224 240
1185 1 61 112 221 240
1186 1 90 117 218 240
1187 1 87 112 163 240
1188 1 86 107 166 240
1189 1 86 99 170 240
1190 1 85 96 164 240
1191 1 89 93 158 240
1192 1 87 93 156 240
1193 1 85 91 154 240
1194 1 85 92 155 240
1195 1 81 94 150 240
1196 1 78 95 148 240
1197 1 71 94 140 240
1198 1 67 86 140 240
1199 1 62 82 135 240
1200 1 59 84 132 240
1201 1 54 80 136 240
1202 1 57 78 139 240
1203 1 53 76 140 240
1204 1 56 73 147 240
1205 1 53 72 157 240
1206 1 48 70 158 240
1207 1 43 75 164 240
1208 1 40 77 168 240
1209 1 46 82 180 240
1210 1 50 83 192 240
1211 1 56 89 212 234
1212 1 48 90 214 235
1213 1 26 98 207 240
1214 1 22 95 205 240
1215 1 4 92 211 240
1216 1 7 94 190 240
1217 1 32 86 163 240
1218 1 50 79 161 240
1219 1 68 77 163 240
1220 1 73 75 168 240
1221 1 76 69 166 240
1222 1 81 70 170 240
1223 1 84 65 164 240
1224 1 84 65 164 240
1225 1 85 65 165 240
1226 1 87 64 167 240
1227 1 84 62 164 240
1228 1 83 62 163 240
1229 1 79 62 161 240
1230 1 79 63 161 240
1231 1 76 68 161 240
1232 1 76 69 160 240
1233 1 70 73 161 240
1234 1 69 76 162 240
1235 1 73 80 171 240
1236 1 75 79 175 240
1237 1 72 75 182 237
1238 1 75 74 188 225
1239 1 70 73 192 214
1240 1 69 74 198 214
1241 1 69 75 212 208
1242 1 68 74 216 212
1243 1 65 74 217 228
1244 1 55 73 216 239
1245 1 31 75 201 240
1246 1 19 78 172 240
1247 1 11 81 156 240
1248 1 24 79 153 240
1249 1 37 80 146 240
1250 1 40 77 146 240
1251 1 44 79 141 240
1252 1 44 78 142 240
1253 1 53 77 145 240
1254 1 59 77 145 240
1255 1 61 76 147 240
1256 1 61 76 147 240
1257 1 56 75 142 240
1257 2 302 89 320 131
1258 1 56 77 142 240
1258 2 302 88 320 130
1259 1 61 76 147 240
1259 2 306 82 320 123
1260 1 64 76 150 240
1260 2 309 79 320 118
1261 1 66 76 152 240
1261 2 309 72 320 112
1262 1 66 73 156 240
1262 2 307 70 320 110
1263 1 64 72 154 240
1263 2 302 67 320 108
1264 1 66 71 156 240
1264 2 294 64 320 116
1265 1 63 70 152 239
1265 2 284 64 320 124
1266 1 62 69 151 238
1266 2 282 66 319 126
1267 1 60 77 157 226
1267 2 279 70 320 141
1268 1 60 77 157 226
1268 2 278 71 320 142
1269 1 60 79 157 218
1269 2 276 73 320 144
1270 1 61 77 158 217
1270 2 272 73 320 151
1271 1 61 75 158 215
1271 2 271 69 320 147
1272 1 62 72 159 212
1272 2 272 67 320 153
1273 1 62 75 163 212
1273 2 265 62 320 144
1274 1 61 74 162 211
1274 2 263 59 320 142
1275 1 62 74 171 210
1275 2 263 57 320 139
1276 1 57 75 174 209
1276 2 261 54 319 136
1277 1 47 74 171 219
1277 2 256 54 320 142
1278 1 40 73 172 223
1278 2 253 55 320 143
1279 1 24 74 173 235
1279 2 247 57 320 163
1280 1 11 72 175 240
1280 2 246 58 319 163
1281 1 3 71 178 240
1281 2 248 55 320 160
1282 1 1 71 176 240
1282 2 248 54 320 163
1283 1 0 72 172 240
1283 2 246 55 319 164
1284 1 4 71 158 240
1284 2 242 53 320 170
1285 1 23 68 145 240
1285 2 242 58 320 168
1286 1 34 65 142 240
1286 2 243 57 320 166
1287 1 51 67 146 240
1287 2 243 55 320 169
1288 1 60 68 145 240
1288 2 244 56 320 171
1289 1 63 70 148 240
1289 2 243 65 320 173
1290 1 60 71 145 240
1290 2 241 70 320 177
1291 1 55 72 140 240
1291 2 230 77 320 185
1292 1 48 69 137 240
1292 2 229 84 320 196
1293 1 51 72 131 240
1293 2 221 87 320 205
1294 1 58 75 134 240
1294 2 220 87 320 205
1295 1 58 74 134 240
1295 2 218 86 320 205
1296 1 58 73 134 240
1296 2 218 85 320 204
1297 1 61 71 137 239
1297 2 220 82 320 205
1298 1 62 74 138 240
1298 2 217 78 320 207
1299 1 63 72 139 240
1299 2 219 79 320 202
1300 1 62 70 138 240
1300 2 218 79 320 202
1301 1 61 68 137 240
1301 2 216 82 320 205
1302 1 62 68 138 240
1302 2 216 81 320 204
1303 1 63 66 139 240
1303 2 216 79 320 208
1304 1 65 66 141 240
1304 2 218 77 320 206
1305 1 68 63 146 240
1305 2 221 73 320 202
1306 1 76 61 153 240
1306 2 224 70 320 200
1307 1 80 59 167 238
1307 2 229 69 320 198
1308 1 77 60 172 240
1308 2 230 69 320 198
1309 1 77 61 179 240
1309 2 230 71 320 201
1310 1 72 62 182 240
1310 2 229 73 320 203
1311 1 64 62 182 240
1311 2 227 79 320 208
1312 1 61 62 181 240
1312 2 225 81 320 211
1313 1 45 63 172 240
1313 2 222 83 320 213
1314 1 35 62 168 240
1314 2 220 82 320 212
1315 1 24 61 160 240
1315 2 219 80 320 210
1316 1 23 59 156 240
1316 2 217 76 320 212
1317 1 31 57 152 240
1317 2 216 72 320 208
1318 1 37 56 150 240
1318 2 214 69 320 205
1319 1 47 54 149 240
1319 2 214 65 320 200
1320 1 55 56 146 240
1320 2 212 62 320 198
1321 1 64 57 146 240
1321 2 211 61 320 197
1322 1 69 64 147 240
1322 2 213 61 320 196
1323 1 75 68 149 240
1323 2 218 64 320 193
1324 1 84 68 151 240
1324 2 219 65 320 194
1325 1 85 66 152 240
1325 2 221 69 320 192
1326 1 84 64 151 240
1326 2 220 69 320 192
1327 1 82 58 153 240
1327 2 218 69 320 196
1328 1 81 57 152 240
1328 2 217 69 320 196
1329 1 81 59 152 240
1329 2 214 69 320 202
1330 1 84 64 151 240
1330 2 215 70 320 203
1331 1 90 66 157 240
1331 2 223 78 320 205
1332 1 89 68 158 240
1332 2 224 82 320 209
1333 1 88 75 161 238
1333 2 222 84 320 210
1334 1 87 77 162 235
1334 2 223 85 320 212
1335 1 88 74 163 232
1335 2 223 87 320 214
1336 1 86 75 170 220
1336 2 224 87 320 214
1337 1 82 75 176 210
1337 2 233 84 320 221
1338 1 79 73 182 204
1338 2 232 84 320 220
1339 1 75 75 192 202
1339 2 234 86 320 230
1340 1 71 76 194 203
1340 2 235 87 320 231
1341 1 67 78 199 223
1341 2 236 92 320 240
1342 1 62 80 198 232
1342 2 235 94 320 240
1343 1 44 85 183 239
1343 2 229 100 320 240
1344 1 30 86 169 240
1344 2 224 101 320 240
1345 1 26 86 164 240
1345 2 222 106 320 240
1346 1 34 84 158 240
1346 2 220 107 319 240
1347 1 40 86 156 240
1347 2 218 103 320 239
1348 1 44 80 155 240
1348 2 218 101 320 240
1349 1 43 80 155 240
1349 2 217 96 320 240
1350 1 44 79 156 240
1350 2 217 94 320 239
1351 1 62 79 159 240
1351 2 223 91 320 240
1352 1 64 80 161 240
1352 2 224 90 320 239
1353 1 64 79 161 240
1353 2 221 93 320 240
1354 1 61 80 158 240
1354 2 217 94 320 240
1355 1 60 76 157 239
1355 2 210 94 320 240
1356 1 64 77 153 236
1356 2 210 95 320 240
1357 1 71 74 159 227
1357 2 214 94 320 240
1358 1 73 72 160 225
1358 2 216 94 320 240
1359 1 78 69 161 214
1359 2 215 89 320 238
1360 1 77 65 160 210
1360 2 215 86 320 240
1361 1 83 61 162 200
1361 2 219 80 320 240
1362 1 85 56 168 187
1362 2 222 77 320 238
1363 1 91 50 174 181
1363 2 228 72 320 233
1364 1 94 54 181 175
1364 2 229 66 320 235
1365 1 97 56 190 167
1365 2 234 60 320 230
1366 1 98 56 198 168
1366 2 235 62 320 231
1367 1 89 58 205 166
1367 2 234 60 320 230
1368 1 84 60 210 163
1368 2 234 61 320 231
1369 1 76 64 210 166
1369 2 234 64 320 233
1370 1 72 65 212 167
1370 2 233 65 320 234
1371 1 65 66 216 169
1371 2 232 66 320 222
1372 1 62 62 216 172
1372 2 233 64 320 208
1373 1 62 60 216 186
1373 2 233 60 320 203
1374 1 67 58 211 192
1374 2 233 60 320 203
1375 1 77 56 195 204
1375 2 229 58 320 201
1376 1 82 56 189 211
1376 2 229 58 320 202
1377 1 85 57 176 211
1377 2 223 54 320 197
1378 1 84 57 175 211
1378 2 223 54 320 198
1379 1 83 56 174 210
1379 2 222 56 320 199
1380 1 84 54 175 208
1380 2 220 56 320 199
1381 1 82 52 173 206
1381 2 216 68 320 194
1382 1 79 52 170 206
1382 2 214 69 320 195
1383 1 77 48 168 202
1383 2 209 68 320 201
1384 1 94 50 160 197
1384 2 206 68 320 201
1385 1 94 48 161 196
1385 2 209 69 320 202
1386 1 97 51 162 191
1386 2 207 69 320 209
1387 1 91 48 161 178
1387 2 207 71 320 210
1388 1 88 46 160 176
1388 2 206 73 320 212
1389 1 83 47 160 163
1389 2 206 70 320 210
1390 1 83 44 160 160
1390 2 206 72 320 211
1391 1 83 37 164 159
1391 2 210 73 320 212
1392 1 85 42 166 146
1392 2 208 63 320 209
1393 1 86 38 173 139
1393 2 208 60 320 206
1394 1 83 39 176 137
1394 2 209 64 320 210
1395 1 84 35 182 133
1395 2 210 62 320 220
1396 1 86 31 189 134
1396 2 210 60 320 224
1397 1 84 33 202 133
1397 2 215 59 320 232
1398 1 82 33 208 135
1398 2 219 58 320 240
1399 1 77 36 210 137
1399 2 218 61 320 240
1400 1 73 38 211 138
1400 2 218 64 320 240
1401 1 70 42 210 152
1401 2 218 67 320 240
1402 1 64 43 209 158
1402 2 216 67 320 240
1403 1 59 40 198 171
1403 2 216 67 320 240
1404 1 63 40 195 179
1404 2 217 66 320 240
1405 1 72 42 185 184
1405 2 216 66 320 240
1406 1 76 43 179 184
1406 2 213 61 320 240
1407 1 82 42 173 183
1407 2 212 62 320 240
1408 1 84 40 170 182
1408 2 212 63 320 240
1409 1 90 36 170 177
1409 2 212 59 320 240
1410 1 90 35 170 177
1410 2 213 59 320 240
1411 1 92 32 172 173
1411 2 214 56 320 240
1412 1 94 28 174 169
1412 2 214 54 320 240
1413 1 106 31 174 159
1413 2 213 46 320 240
1414 1 108 29 176 156
1414 2 220 48 320 219
1415 1 114 24 182 157
1415 2 226 44 320 215
1416 1 116 26 184 159
1416 2 226 47 320 214
1417 1 118 28 186 161
1417 2 224 49 320 205
1418 1 119 32 187 165
1418 2 225 53 320 207
1419 1 122 32 189 170
1419 2 230 56 320 211
1420 1 123 35 190 173
1420 2 231 58 320 200
1421 1 124 35 192 173
1421 2 232 60 320 201
1422 1 125 36 193 174
1422 2 230 60 320 194
1423 1 126 33 194 171
1423 2 228 57 320 191
1424 1 127 37 191 160
1424 2 229 56 320 190
1425 1 128 36 192 151
1425 2 228 55 320 189
1426 1 127 36 191 151
1426 2 227 55 320 198
1427 1 122 34 186 150
1427 2 219 56 320 211
1428 1 119 35 183 140
1428 2 214 53 320 216
1429 1 118 40 182 133
1429 2 212 53 320 225
1430 1 120 40 184 133
1430 2 209 54 320 226
1431 1 119 35 183 127
1431 2 206 54 320 232
1432 1 118 30 182 128
1432 2 206 47 320 233
1433 1 115 23 179 125
1433 2 202 44 320 230
1434 1 112 21 176 127
1434 2 197 40 320 231
1435 1 104 17 169 123
1435 2 188 40 320 231
1436 1 100 8 164 114
1436 2 182 30 307 226
1437 1 91 0 156 105
1437 2 174 26 278 212
1438 1 93 1 158 107
1438 2 178 27 282 212
1439 1 106 4 170 110
1439 2 195 22 299 207
1440 1 113 6 177 97
1440 2 202 21 306 206
1441 1 112 0 176 97
1441 2 201 22 310 193
1442 1 108 1 172 98
1442 2 195 19 309 199
1443 1 106 1 170 104
1443 2 196 22 310 202
1444 1 113 0 164 107
1444 2 199 27 320 208
1445 1 118 0 169 116
1445 2 208 23 320 212
1446 1 120 0 171 121
1446 2 209 23 320 213
1447 1 121 0 172 128
1447 2 207 34 320 228
1448 1 114 0 173 132
1448 2 206 34 320 232
1449 1 112 8 170 140
1449 2 204 40 320 240
1450 1 111 9 172 142
1450 2 202 42 320 240
1451 1 100 19 173 145
1451 2 198 42 320 240
1452 1 100 18 172 144
1452 2 198 41 320 240
1453 1 97 21 169 131
1453 2 198 31 319 231
1454 1 97 18 170 128
1454 2 198 30 320 230
1455 1 95 15 167 125
1455 2 199 27 320 218
1456 1 94 19 165 110
1456 2 199 26 320 212
1457 1 93 17 164 109
1457 2 198 23 320 201
1458 1 92 18 163 110
1458 2 197 28 320 198
1459 1 92 14 162 106
1459 2 192 23 320 202
1460 1 91 12 162 104
1460 2 195 27 318 181
1461 1 91 9 162 100
1461 2 195 22 320 164
1462 1 92 10 163 101
1462 2 196 19 320 161
1463 1 108 6 165 97
1463 2 200 13 320 168
1464 1 110 6 167 96
1464 2 202 10 320 173
1465 1 112 2 171 98
1465 2 204 9 320 178
1466 1 113 2 172 98
1466 2 204 8 320 177
1467 1 114 3 174 98
1467 2 205 8 320 181
1468 1 114 3 174 98
1468 2 208 7 320 186
1469 1 114 4 174 99
1469 2 207 13 320 185
1470 1 114 3 174 98
1470 2 206 15 320 187
1471 1 114 0 174 107
1471 2 206 19 320 191
1472 1 113 0 173 107
1472 2 202 18 320 191
1473 1 111 1 170 108
1473 2 201 15 320 182
1474 1 107 0 169 112
1474 2 199 15 318 180
1475 1 103 0 165 110
1475 2 195 18 294 174
1476 1 102 0 164 110
1476 2 195 18 293 174
1477 1 99 0 169 115
1477 2 197 16 288 164
1478 1 96 0 169 115
1478 2 196 16 287 164
1479 1 89 0 170 119
1479 2 194 15 288 153
1480 1 86 0 171 121
1480 2 194 16 288 154
1481 1 77 10 170 127
1481 2 189 25 283 172
1482 1 77 13 170 130
1482 2 188 30 285 180
1483 1 78 14 171 135
1483 2 185 37 286 194
1484 1 77 16 170 137
1484 2 184 39 286 200
1485 1 80 18 173 139
1485 2 190 40 298 210
1486 1 97 23 170 132
1486 2 192 39 306 212
1487 1 102 22 174 131
1487 2 198 36 317 213
1488 1 104 25 177 134
1488 2 196 32 320 213
1489 1 118 32 177 130
1489 2 202 33 320 214
1490 1 123 32 181 130
1490 2 207 31 320 212
1491 1 131 32 189 129
1491 2 217 28 320 186
1492 1 132 33 190 130
1492 2 218 28 320 163
1493 1 130 36 186 129
1493 2 215 32 320 192
1494 1 126 34 185 132
1494 2 212 34 320 202
1495 1 124 33 183 131
1495 2 208 33 320 206
1496 1 124 33 182 131
1496 2 208 32 320 205
1497 1 122 30 180 128
1497 2 205 24 320 200
1498 1 120 26 181 129
1498 2 205 22 320 189
1499 1 118 22 179 124
1499 2 202 14 320 170
1500 1 118 20 179 123
1500 2 203 9 320 155
1501 1 124 26 181 119
1501 2 204 1 320 138
1502 1 124 25 182 118
1502 2 204 0 320 136
1503 1 125 25 183 118
1503 2 206 0 320 135
1504 1 124 18 182 122
1504 2 206 0 320 137
1505 1 123 18 180 126
1505 2 204 1 320 138
1506 1 119 13 176 126
1506 2 197 6 320 126
1507 1 116 11 177 129
1507 2 196 8 320 128
1508 1 116 12 180 136
1508 2 193 11 320 131
1509 1 114 10 181 139
1509 2 192 14 320 140
1510 1 119 10 186 140
1510 2 191 14 320 142
1511 1 119 10 186 140
1511 2 190 14 320 142
1512 1 113 18 187 127
1512 2 189 16 320 144
1513 1 112 21 186 130
1513 2 189 18 320 152
1514 1 109 20 183 128
1514 2 189 18 316 152
1515 1 102 30 182 125
1515 2 187 19 303 153
1516 1 93 33 177 128
1516 2 177 24 293 163
1517 1 92 35 176 130
1517 2 174 24 296 169
1518 1 86 35 178 132
1518 2 177 26 284 168
1519 1 82 35 180 130
1519 2 181 27 280 164
1520 1 72 33 183 133
1520 2 181 33 274 163
1521 1 68 32 182 133
1521 2 181 31 274 161
1522 1 65 31 184 133
1522 2 184 24 276 154
1523 1 65 35 188 128
1523 2 184 25 282 148
1524 1 66 43 189 126
1524 2 185 21 291 135
1525 1 66 43 189 125
1525 2 185 21 291 135
1526 1 71 52 180 128
1526 2 182 21 294 141
1527 1 70 53 179 129
1527 2 179 24 292 151
1528 1 76 52 169 129
1528 2 178 28 285 162
1529 1 74 54 163 128
1529 2 175 31 282 165
1530 1 73 54 154 129
1530 2 169 30 275 173
1531 1 77 55 151 128
1531 2 170 30 274 178
1532 1 80 58 154 130
1532 2 171 26 280 185
1533 1 85 59 151 134
1533 2 173 26 285 188
1534 1 89 63 150 136
1534 2 175 26 286 188
1535 1 87 66 148 139
1535 2 174 22 286 192
1536 1 82 69 143 142
1536 2 169 26 281 203
1537 1 81 70 142 143
1537 2 168 36 283 206
1538 1 80 69 141 142
1538 2 168 38 280 215
1539 1 79 68 142 141
1539 2 167 38 280 215
1540 1 79 66 146 139
1540 2 168 36 280 213
1541 1 80 66 149 138
1541 2 169 37 280 208
1542 1 82 64 156 138
1542 2 171 35 282 206
1543 1 83 63 160 136
1543 2 173 34 284 205
1544 1 86 63 164 136
1544 2 176 37 282 200
1545 1 84 63 164 137
1545 2 174 36 280 199
1546 1 85 62 165 135
1546 2 175 35 282 198
1547 1 84 61 168 134
1547 2 174 34 282 186
1548 1 80 62 167 134
1548 2 174 35 283 180
1549 1 78 61 170 134
1549 2 176 33 286 172
1550 1 82 56 174 134
1550 2 177 36 288 165
1551 1 80 56 174 134
1551 2 178 36 288 165
1552 1 76 58 177 129
1552 2 179 30 289 149
1553 1 76 57 178 129
1553 2 178 29 288 148
1554 1 71 58 180 128
1554 2 178 30 289 149
1555 1 72 56 177 136
1555 2 180 30 290 149
1556 1 72 57 171 148
1556 2 179 36 296 141
1557 1 72 56 165 151
1557 2 178 37 295 141
1558 1 79 59 158 154
1558 2 176 35 292 152
1559 1 78 60 158 155
1559 2 177 33 294 153
1560 1 89 63 155 158
1560 2 179 37 296 157
1561 1 89 64 155 158
1561 2 177 37 298 159
1562 1 100 64 157 159
1562 2 178 39 307 167
1563 1 102 64 159 159
1563 2 176 42 315 170
1564 1 106 66 163 161
1564 2 174 45 320 174
1565 1 109 66 167 161
1565 2 178 51 320 176
1566 1 110 70 168 164
1566 2 174 55 320 184
1567 1 111 72 166 162
1567 2 173 56 320 185
1568 1 110 72 165 162
1568 2 175 55 320 184
1569 1 112 72 166 163
1569 2 175 53 320 182
1570 1 115 63 170 153
1570 2 182 36 306 175
1571 1 115 61 170 151
1571 2 182 33 306 173
1572 1 113 58 168 148
1572 2 182 25 296 164
1573 1 110 58 165 148
1573 2 182 24 287 162
1574 1 101 59 156 149
1574 2 172 28 276 166
1575 1 92 57 149 152
1575 2 167 33 258 162
1576 1 79 55 133 144
1576 2 156 37 246 166
1577 1 74 54 128 143
1577 2 154 47 232 159
1578 1 68 51 124 144
1578 2 149 52 222 159
1579 1 65 50 124 148
1579 2 150 51 225 156
1580 1 65 54 126 146
1580 2 152 53 234 151
1581 1 67 53 130 145
1581 2 154 53 239 148
1582 1 72 46 138 145
1582 2 161 51 252 144
1583 1 76 46 141 145
1583 2 164 49 259 141
1584 1 80 44 146 143
1584 2 169 47 270 138
1585 1 78 51 147 142
1585 2 170 46 278 138
1586 1 80 50 154 141
1586 2 172 43 285 139
1587 1 80 50 156 139
1587 2 172 43 290 142
1588 1 79 50 160 140
1588 2 172 43 292 146
1589 1 76 48 160 138
1589 2 171 44 291 146
1590 1 73 45 162 136
1590 2 173 44 291 148
1591 1 76 40 164 136
1591 2 174 42 296 150
1592 1 80 38 169 140
1592 2 178 40 300 154
1593 1 81 37 171 141
1593 2 180 40 307 155
1594 1 81 32 168 148
1594 2 181 38 308 153
1595 1 81 31 167 154
1595 2 181 36 308 151
1596 1 82 24 162 160
1596 2 182 34 309 149
1597 1 81 19 159 159
1597 2 183 27 310 142
1598 1 80 10 156 158
1598 2 181 23 304 127
1599 1 80 3 157 155
1599 2 178 16 300 120
1600 1 80 0 156 148
1600 2 177 8 300 112
1601 1 87 0 156 143
1601 2 178 0 300 104
1602 1 91 0 161 140
1602 2 183 0 305 98
1603 1 94 0 164 139
1603 2 186 0 312 98
1604 1 112 0 166 133
1604 2 187 0 313 100
1605 1 112 0 165 132
1605 2 187 0 313 101
1606 1 108 0 162 134
1606 2 182 0 300 106
1607 1 106 0 159 136
1607 2 179 3 296 109
1608 1 103 0 157 142
1608 2 174 10 275 117
1609 1 104 0 158 141
1609 2 174 13 276 120
1610 1 109 5 160 140
1610 2 178 21 279 128
1611 1 113 7 161 136
1611 2 181 25 283 132
1612 1 116 11 165 140
1612 2 185 32 287 139
1613 1 118 14 166 143
1613 2 184 40 278 145
1614 1 121 20 170 139
1614 2 188 48 280 152
1615 1 123 24 172 142
1615 2 189 52 282 156
1616 1 124 28 173 147
1616 2 191 56 284 160
1617 1 125 30 174 149
1617 2 188 57 281 162
1618 1 124 35 172 154
1618 2 184 59 282 169
1619 1 123 35 172 154
1619 2 189 62 265 173
1620 1 125 35 174 154
1620 2 192 57 273 179
1621 1 126 34 175 152
1621 2 194 56 275 183
1622 1 126 30 176 154
1622 2 196 50 281 184
1623 1 126 29 177 154
1623 2 195 45 284 187
1624 1 130 28 181 153
1624 2 200 41 294 190
1625 1 132 24 185 156
1625 2 204 44 298 193
1626 1 134 23 188 160
1626 2 206 47 302 200
1627 1 132 24 188 160
1627 2 204 48 300 201
1628 1 118 25 180 166
1628 2 194 56 290 209
1629 1 113 27 175 167
1629 2 188 58 284 211
1630 1 103 31 170 173
1630 2 180 62 276 215
1631 1 101 32 171 174
1631 2 186 61 277 218
1632 1 101 30 174 174
1632 2 191 60 282 219
1633 1 101 29 175 172
1633 2 193 58 284 220
1634 1 101 23 177 172
1634 2 195 54 286 217
1635 1 100 20 176 175
1635 2 194 50 285 213
1636 1 94 16 174 173
1636 2 191 45 282 207
1637 1 87 12 171 172
1637 2 188 44 274 205
1638 1 81 7 166 175
1638 2 181 39 266 200
1639 1 77 7 164 179
1639 2 180 37 265 196
1640 1 71 6 160 183
1640 2 178 38 263 196
1641 1 68 6 158 188
1641 2 176 38 260 196
1642 1 57 8 151 193
1642 2 167 39 256 187
1643 1 54 8 148 197
1643 2 164 40 253 188
1644 1 45 8 142 199
1644 2 160 42 249 190
1645 1 44 9 141 199
1645 2 158 42 251 177
1646 1 48 12 144 199
1646 2 160 42 258 177
1647 1 49 12 146 199
1647 2 162 40 260 175
1648 1 54 9 150 194
1648 2 167 37 266 173
1649 1 56 6 152 190
1649 2 168 35 268 171
1650 1 58 1 154 186
1650 2 171 35 270 170
1651 1 68 1 157 183
1651 2 171 33 265 174
1652 1 66 0 160 176
1652 2 169 35 262 176
1653 1 64 0 158 174
1653 2 164 34 252 186
1654 1 49 0 152 169
1654 2 153 37 234 195
1655 1 44 0 148 168
1655 2 148 37 229 194
1656 1 40 0 144 168
1656 2 142 34 218 200
1657 1 40 0 144 168
1657 2 142 34 221 199
1658 1 45 0 148 161
1658 2 145 39 226 202
1659 1 47 0 150 162
1659 2 147 41 228 204
1660 1 54 0 157 163
1660 2 152 41 232 204
1661 1 66 0 160 168
1661 2 154 41 235 204
1662 1 69 1 162 170
1662 2 164 40 244 196
1663 1 72 0 165 168
1663 2 166 39 249 193
1664 1 81 0 174 167
1664 2 175 35 271 184
1665 1 84 0 178 168
1665 2 178 32 274 181
1666 1 80 0 163 174
1666 2 168 36 268 178
1667 1 77 1 160 176
1667 2 163 39 262 178
1668 1 84 2 158 183
1668 2 164 42 263 182
1669 1 87 4 161 186
1669 2 173 47 264 184
1670 1 90 12 164 196
1670 2 174 51 266 188
1671 1 88 13 162 201
1671 2 174 58 257 190
1672 1 84 11 160 208
1672 2 169 62 252 194
1673 1 79 17 156 213
1673 2 164 64 252 196
1674 1 76 19 155 217
1674 2 160 71 257 199
1675 1 76 18 155 221
1675 2 155 71 259 198
1676 1 80 23 159 227
1676 2 163 72 267 199
1677 1 81 24 160 229
1677 2 164 72 268 199
1678 1 82 25 161 236
1678 2 166 75 270 202
1679 1 82 26 160 236
1679 2 166 75 270 202
1680 1 79 22 158 239
1680 2 162 75 255 202
1681 1 78 21 158 238
1681 2 168 72 251 198
1682 1 80 18 159 236
1682 2 168 70 252 196
1683 1 77 13 156 232
1683 2 167 69 251 195
1684 1 67 10 150 226
1684 2 164 69 233 190
1685 1 60 6 148 223
1685 2 160 68 229 188
1686 1 57 4 145 222
1686 2 157 67 226 188
1687 1 57 2 144 220
1687 2 156 65 225 186
1688 1 56 0 144 212
1688 2 157 59 226 180
1689 1 58 0 141 204
1689 2 151 52 220 173
1690 1 56 0 140 192
1690 2 151 42 220 162
1691 1 55 0 139 188
1691 2 151 35 220 156
1692 1 54 0 137 177
1692 2 147 18 220 144
1693 1 54 0 136 176
1693 2 152 17 218 136
1694 1 54 0 133 168
1694 2 150 12 216 131
1695 1 54 0 132 166
1695 2 150 5 219 126
1696 1 61 0 142 168
1696 2 154 2 229 126
1697 1 67 0 148 170
1697 2 160 2 235 126
1698 1 89 0 160 176
1698 2 166 4 268 130
1699 1 96 0 166 179
1699 2 172 6 284 130
1700 1 100 0 170 191
1700 2 174 12 300 137
1701 1 100 0 170 194
1701 2 172 19 303 142
1702 1 92 0 162 212
1702 2 162 30 303 158
1703 1 85 0 156 221
1703 2 154 37 295 164
1704 1 62 6 132 239
1704 2 124 61 270 174
1705 1 46 6 122 240
1705 2 116 62 250 179
1706 1 23 13 110 240
1706 2 110 74 227 194
1707 1 22 21 110 240
1707 2 109 78 226 198
1708 1 26 34 115 240
1708 2 114 89 221 209
1709 1 30 38 119 240
1709 2 118 91 225 211
1710 1 39 40 128 240
1710 2 130 90 221 213
1711 1 46 41 134 240
1711 2 136 92 228 215
1712 1 70 49 150 240
1712 2 153 97 245 220
1713 1 78 51 158 240
1713 2 160 98 250 226
1714 1 93 61 164 240
1714 2 172 105 266 240
1715 1 93 63 163 240
1715 2 172 109 266 240
1716 1 85 68 156 240
1716 2 174 121 262 240
1717 1 77 65 151 240
1717 2 169 122 256 240
1718 1 70 64 137 240
1718 2 160 122 253 240
1719 1 69 62 136 240
1719 2 163 125 248 240
1720 1 70 54 137 240
1720 2 166 123 250 240
1721 1 70 48 137 240
1721 2 167 120 252 240
1722 1 68 40 138 240
1722 2 172 115 257 240
1723 1 67 39 138 240
1723 2 172 114 257 240
1724 1 64 34 134 240
1724 2 172 112 258 240
1725 1 62 34 132 240
1725 2 171 112 256 240
1726 1 53 36 123 240
1726 2 165 108 254 240
1727 1 49 32 122 240
1727 2 158 109 248 240
1728 1 43 28 120 240
1728 2 157 108 246 240
1729 1 40 29 118 240
1729 2 157 108 246 240
1730 1 39 29 116 240
1730 2 155 102 248 240
1731 1 40 34 114 240
1731 2 158 99 251 232
1732 1 38 27 116 240
1732 2 160 92 254 226
1733 1 38 25 120 240
1733 2 162 91 255 224
1734 1 43 21 125 240
1734 2 162 82 269 212
1735 1 50 20 132 240
1735 2 173 88 285 211
1736 1 65 19 146 240
1736 2 186 82 305 210
1737 1 68 20 149 240
1737 2 186 80 312 211
1738 1 67 22 148 240
1738 2 187 78 318 216
1739 1 64 23 148 240
1739 2 185 79 315 217
1740 1 55 26 139 240
1740 2 176 82 306 220
1741 1 48 36 136 240
1741 2 167 90 298 228
1742 1 31 48 130 240
1742 2 160 102 290 240
1743 1 28 56 127 240
1743 2 158 108 289 240
1744 1 20 71 119 240
1744 2 157 122 288 240
1745 1 20 77 119 240
1745 2 158 131 288 240
1746 1 20 91 119 240
1746 2 175 140 306 240
1747 1 20 96 119 240
1747 2 178 145 314 240
1748 1 24 101 124 240
1748 2 186 150 320 240
1749 1 27 102 126 240
1749 2 190 152 320 240
1750 1 29 101 128 240
1750 2 194 148 320 240
1751 1 30 99 129 240
1751 2 197 144 320 240
1752 1 35 85 134 240
1752 2 187 118 320 240
1753 1 40 77 139 240
1753 2 190 108 320 240
1754 1 44 60 144 240
1754 2 208 75 320 240
1755 1 44 51 143 240
1755 2 205 62 320 239
1756 1 36 45 136 240
1756 2 194 45 320 240
1757 1 33 45 132 240
1757 2 191 43 320 240
1758 1 32 47 131 240
1758 2 191 42 320 239
1759 1 32 47 131 240
1759 2 192 39 320 240
1760 1 28 41 127 240
1760 2 194 30 320 240
1761 1 26 43 125 240
1761 2 194 26 320 240
1762 1 18 30 120 240
1762 2 180 9 320 235
1763 1 9 21 112 240
1763 2 179 5 320 230
1764 1 0 4 90 240
1764 2 154 1 306 202
1765 1 0 0 80 240
1765 2 143 0 292 197
1766 1 0 0 62 235
1766 2 129 0 269 186
1767 1 0 0 50 209
1767 2 127 0 260 182
1768 1 0 0 48 208
1768 2 125 0 258 180
1769 1 0 0 48 206
1769 2 126 0 259 180
1770 1 0 0 54 211
1770 2 135 0 275 189
1771 1 0 0 59 214
1771 2 136 0 276 199
1772 1 0 0 58 208
1772 2 135 0 277 213
1773 1 0 0 62 211
1773 2 135 2 279 220
1774 1 1 0 67 220
1774 2 137 10 289 237
1775 1 0 0 74 214
1775 2 146 14 297 240
1776 1 0 6 91 230
1776 2 159 30 320 240
1777 1 0 36 98 240
1777 2 164 38 320 240
1778 1 4 58 110 240
1778 2 174 58 320 240
1779 1 6 69 112 240
1779 2 184 79 320 240
1780 1 14 98 121 240
1780 2 203 99 320 240
1781 1 20 109 127 240
1781 2 212 113 320 240
1782 1 28 126 136 240
1782 2 230 144 320 240
1783 1 32 160 139 240
1783 2 246 164 320 240
